2.4.0
4.434
4900
11 0 3 68
11 1 2 69
11 2 1 69
11 3 0 69
11 4 2 68
11 5 1 68
11 10 0 68
11 11 2 67
11 12 1 67
11 13 0 67
11 14 3 66
11 15 2 66
11 16 1 66
11 17 0 66
11 18 2 65
11 19 0 64
11 20 0 65
11 21 1 65
11 26 1 64
11 27 2 64
11 28 0 63
11 29 1 63
11 30 2 63
11 31 3 63
11 32 3 64
11 33 4 63
11 34 5 63
11 35 6 63
11 36 4 64
11 37 5 64
11 41 6 64
11 42 3 65
11 43 4 65
11 44 5 65
11 45 6 65
11 46 4 66
11 47 5 66
11 48 6 66
11 49 3 67
11 50 4 67
11 51 5 67
11 52 6 68
11 53 6 67
11 58 5 68
11 59 4 68
11 60 6 69
11 61 5 69
11 62 4 69
11 63 3 69
12 0 10 68
12 1 9 69
12 2 8 69
12 3 7 69
12 4 9 68
12 5 8 68
12 10 7 68
12 11 9 67
12 12 8 67
12 13 7 67
12 14 10 66
12 15 9 66
12 16 8 66
12 17 7 66
12 18 9 65
12 19 7 64
12 20 7 65
12 21 8 65
12 26 8 64
12 27 9 64
12 28 7 63
12 29 8 63
12 30 9 63
12 31 10 63
12 32 10 64
12 33 11 63
12 34 12 63
12 35 13 63
12 36 11 64
12 37 12 64
12 41 13 64
12 42 10 65
12 43 11 65
12 44 12 65
12 45 13 65
12 46 11 66
12 47 12 66
12 48 13 66
12 49 10 67
12 50 11 67
12 51 12 67
12 52 13 68
12 53 13 67
12 58 12 68
12 59 11 68
12 60 13 69
12 61 12 69
12 62 11 69
12 63 10 69
13 0 17 68
13 1 16 69
13 2 15 69
13 3 14 69
13 4 16 68
13 5 15 68
13 10 14 68
13 11 16 67
13 12 15 67
13 13 14 67
13 14 17 66
13 15 16 66
13 16 15 66
13 17 14 66
13 18 16 65
13 19 14 64
13 20 14 65
13 21 15 65
13 26 15 64
13 27 16 64
13 28 14 63
13 29 15 63
13 30 16 63
13 31 17 63
13 32 17 64
13 33 18 63
13 34 19 63
13 35 20 63
13 36 18 64
13 37 19 64
13 41 20 64
13 42 17 65
13 43 18 65
13 44 19 65
13 45 20 65
13 46 18 66
13 47 19 66
13 48 20 66
13 49 17 67
13 50 18 67
13 51 19 67
13 52 20 68
13 53 20 67
13 58 19 68
13 59 18 68
13 60 20 69
13 61 19 69
13 62 18 69
13 63 17 69
14 0 24 68
14 1 23 69
14 2 22 69
14 3 21 69
14 4 23 68
14 5 22 68
14 10 21 68
14 11 23 67
14 12 22 67
14 13 21 67
14 14 24 66
14 15 23 66
14 16 22 66
14 17 21 66
14 18 23 65
14 19 21 64
14 20 21 65
14 21 22 65
14 26 22 64
14 27 23 64
14 28 21 63
14 29 22 63
14 30 23 63
14 31 24 63
14 32 24 64
14 33 25 63
14 34 26 63
14 35 27 63
14 36 25 64
14 37 26 64
14 41 27 64
14 42 24 65
14 43 25 65
14 44 26 65
14 45 27 65
14 46 25 66
14 47 26 66
14 48 27 66
14 49 24 67
14 50 25 67
14 51 26 67
14 52 27 68
14 53 27 67
14 58 26 68
14 59 25 68
14 60 27 69
14 61 26 69
14 62 25 69
14 63 24 69
15 0 31 68
15 1 30 69
15 2 29 69
15 3 28 69
15 4 30 68
15 5 29 68
15 10 28 68
15 11 30 67
15 12 29 67
15 13 28 67
15 14 31 66
15 15 30 66
15 16 29 66
15 17 28 66
15 18 30 65
15 19 28 64
15 20 28 65
15 21 29 65
15 26 29 64
15 27 30 64
15 28 28 63
15 29 29 63
15 30 30 63
15 31 31 63
15 32 31 64
15 33 32 63
15 34 33 63
15 35 34 63
15 36 32 64
15 37 33 64
15 41 34 64
15 42 31 65
15 43 32 65
15 44 33 65
15 45 34 65
15 46 32 66
15 47 33 66
15 48 34 66
15 49 31 67
15 50 32 67
15 51 33 67
15 52 34 68
15 53 34 67
15 58 33 68
15 59 32 68
15 60 34 69
15 61 33 69
15 62 32 69
15 63 31 69
16 0 38 68
16 1 37 69
16 2 36 69
16 3 35 69
16 4 37 68
16 5 36 68
16 10 35 68
16 11 37 67
16 12 36 67
16 13 35 67
16 14 38 66
16 15 37 66
16 16 36 66
16 17 35 66
16 18 37 65
16 19 35 64
16 20 35 65
16 21 36 65
16 26 36 64
16 27 37 64
16 28 35 63
16 29 36 63
16 30 37 63
16 31 38 63
16 32 38 64
16 33 39 63
16 34 40 63
16 35 41 63
16 36 39 64
16 37 40 64
16 41 41 64
16 42 38 65
16 43 39 65
16 44 40 65
16 45 41 65
16 46 39 66
16 47 40 66
16 48 41 66
16 49 38 67
16 50 39 67
16 51 40 67
16 52 41 68
16 53 41 67
16 58 40 68
16 59 39 68
16 60 41 69
16 61 40 69
16 62 39 69
16 63 38 69
17 0 45 68
17 1 44 69
17 2 43 69
17 3 42 69
17 4 44 68
17 5 43 68
17 10 42 68
17 11 44 67
17 12 43 67
17 13 42 67
17 14 45 66
17 15 44 66
17 16 43 66
17 17 42 66
17 18 44 65
17 19 42 64
17 20 42 65
17 21 43 65
17 26 43 64
17 27 44 64
17 28 42 63
17 29 43 63
17 30 44 63
17 31 45 63
17 32 45 64
17 33 46 63
17 34 47 63
17 35 48 63
17 36 46 64
17 37 47 64
17 41 48 64
17 42 45 65
17 43 46 65
17 44 47 65
17 45 48 65
17 46 46 66
17 47 47 66
17 48 48 66
17 49 45 67
17 50 46 67
17 51 47 67
17 52 48 68
17 53 48 67
17 58 47 68
17 59 46 68
17 60 48 69
17 61 47 69
17 62 46 69
17 63 45 69
18 0 52 68
18 1 51 69
18 2 50 69
18 3 49 69
18 4 51 68
18 5 50 68
18 10 49 68
18 11 51 67
18 12 50 67
18 13 49 67
18 14 52 66
18 15 51 66
18 16 50 66
18 17 49 66
18 18 51 65
18 19 49 64
18 20 49 65
18 21 50 65
18 26 50 64
18 27 51 64
18 28 49 63
18 29 50 63
18 30 51 63
18 31 52 63
18 32 52 64
18 33 53 63
18 34 54 63
18 35 55 63
18 36 53 64
18 37 54 64
18 41 55 64
18 42 52 65
18 43 53 65
18 44 54 65
18 45 55 65
18 46 53 66
18 47 54 66
18 48 55 66
18 49 52 67
18 50 53 67
18 51 54 67
18 52 55 68
18 53 55 67
18 58 54 68
18 59 53 68
18 60 55 69
18 61 54 69
18 62 53 69
18 63 52 69
19 0 59 68
19 1 58 69
19 2 57 69
19 3 56 69
19 4 58 68
19 5 57 68
19 10 56 68
19 11 58 67
19 12 57 67
19 13 56 67
19 14 59 66
19 15 58 66
19 16 57 66
19 17 56 66
19 18 58 65
19 19 56 64
19 20 56 65
19 21 57 65
19 26 57 64
19 27 58 64
19 28 56 63
19 29 57 63
19 30 58 63
19 31 59 63
19 32 59 64
19 33 60 63
19 34 61 63
19 35 62 63
19 36 60 64
19 37 61 64
19 41 62 64
19 42 59 65
19 43 60 65
19 44 61 65
19 45 62 65
19 46 60 66
19 47 61 66
19 48 62 66
19 49 59 67
19 50 60 67
19 51 61 67
19 52 62 68
19 53 62 67
19 58 61 68
19 59 60 68
19 60 62 69
19 61 61 69
19 62 60 69
19 63 59 69
20 0 66 68
20 1 65 69
20 2 64 69
20 3 63 69
20 4 65 68
20 5 64 68
20 10 63 68
20 11 65 67
20 12 64 67
20 13 63 67
20 14 66 66
20 15 65 66
20 16 64 66
20 17 63 66
20 18 65 65
20 19 63 64
20 20 63 65
20 21 64 65
20 26 64 64
20 27 65 64
20 28 63 63
20 29 64 63
20 30 65 63
20 31 66 63
20 32 66 64
20 33 67 63
20 34 68 63
20 35 69 63
20 36 67 64
20 37 68 64
20 41 69 64
20 42 66 65
20 43 67 65
20 44 68 65
20 45 69 65
20 46 67 66
20 47 68 66
20 48 69 66
20 49 66 67
20 50 67 67
20 51 68 67
20 52 69 68
20 53 69 67
20 58 68 68
20 59 67 68
20 60 69 69
20 61 68 69
20 62 67 69
20 63 66 69
21 0 3 61
21 1 2 62
21 2 1 62
21 3 0 62
21 4 2 61
21 5 1 61
21 10 0 61
21 11 2 60
21 12 1 60
21 13 0 60
21 14 3 59
21 15 2 59
21 16 1 59
21 17 0 59
21 18 2 58
21 19 0 57
21 20 0 58
21 21 1 58
21 26 1 57
21 27 2 57
21 28 0 56
21 29 1 56
21 30 2 56
21 31 3 56
21 32 3 57
21 33 4 56
21 34 5 56
21 35 6 56
21 36 4 57
21 37 5 57
21 41 6 57
21 42 3 58
21 43 4 58
21 44 5 58
21 45 6 58
21 46 4 59
21 47 5 59
21 48 6 59
21 49 3 60
21 50 4 60
21 51 5 60
21 52 6 61
21 53 6 60
21 58 5 61
21 59 4 61
21 60 6 62
21 61 5 62
21 62 4 62
21 63 3 62
22 0 10 61
22 1 9 62
22 2 8 62
22 3 7 62
22 4 9 61
22 5 8 61
22 10 7 61
22 11 9 60
22 12 8 60
22 13 7 60
22 14 10 59
22 15 9 59
22 16 8 59
22 17 7 59
22 18 9 58
22 19 7 57
22 20 7 58
22 21 8 58
22 26 8 57
22 27 9 57
22 28 7 56
22 29 8 56
22 30 9 56
22 31 10 56
22 32 10 57
22 33 11 56
22 34 12 56
22 35 13 56
22 36 11 57
22 37 12 57
22 41 13 57
22 42 10 58
22 43 11 58
22 44 12 58
22 45 13 58
22 46 11 59
22 47 12 59
22 48 13 59
22 49 10 60
22 50 11 60
22 51 12 60
22 52 13 61
22 53 13 60
22 58 12 61
22 59 11 61
22 60 13 62
22 61 12 62
22 62 11 62
22 63 10 62
23 0 17 61
23 1 16 62
23 2 15 62
23 3 14 62
23 4 16 61
23 5 15 61
23 10 14 61
23 11 16 60
23 12 15 60
23 13 14 60
23 14 17 59
23 15 16 59
23 16 15 59
23 17 14 59
23 18 16 58
23 19 14 57
23 20 14 58
23 21 15 58
23 26 15 57
23 27 16 57
23 28 14 56
23 29 15 56
23 30 16 56
23 31 17 56
23 32 17 57
23 33 18 56
23 34 19 56
23 35 20 56
23 36 18 57
23 37 19 57
23 41 20 57
23 42 17 58
23 43 18 58
23 44 19 58
23 45 20 58
23 46 18 59
23 47 19 59
23 48 20 59
23 49 17 60
23 50 18 60
23 51 19 60
23 52 20 61
23 53 20 60
23 58 19 61
23 59 18 61
23 60 20 62
23 61 19 62
23 62 18 62
23 63 17 62
24 0 24 61
24 1 23 62
24 2 22 62
24 3 21 62
24 4 23 61
24 5 22 61
24 10 21 61
24 11 23 60
24 12 22 60
24 13 21 60
24 14 24 59
24 15 23 59
24 16 22 59
24 17 21 59
24 18 23 58
24 19 21 57
24 20 21 58
24 21 22 58
24 26 22 57
24 27 23 57
24 28 21 56
24 29 22 56
24 30 23 56
24 31 24 56
24 32 24 57
24 33 25 56
24 34 26 56
24 35 27 56
24 36 25 57
24 37 26 57
24 41 27 57
24 42 24 58
24 43 25 58
24 44 26 58
24 45 27 58
24 46 25 59
24 47 26 59
24 48 27 59
24 49 24 60
24 50 25 60
24 51 26 60
24 52 27 61
24 53 27 60
24 58 26 61
24 59 25 61
24 60 27 62
24 61 26 62
24 62 25 62
24 63 24 62
25 0 31 61
25 1 30 62
25 2 29 62
25 3 28 62
25 4 30 61
25 5 29 61
25 10 28 61
25 11 30 60
25 12 29 60
25 13 28 60
25 14 31 59
25 15 30 59
25 16 29 59
25 17 28 59
25 18 30 58
25 19 28 57
25 20 28 58
25 21 29 58
25 26 29 57
25 27 30 57
25 28 28 56
25 29 29 56
25 30 30 56
25 31 31 56
25 32 31 57
25 33 32 56
25 34 33 56
25 35 34 56
25 36 32 57
25 37 33 57
25 41 34 57
25 42 31 58
25 43 32 58
25 44 33 58
25 45 34 58
25 46 32 59
25 47 33 59
25 48 34 59
25 49 31 60
25 50 32 60
25 51 33 60
25 52 34 61
25 53 34 60
25 58 33 61
25 59 32 61
25 60 34 62
25 61 33 62
25 62 32 62
25 63 31 62
26 0 38 61
26 1 37 62
26 2 36 62
26 3 35 62
26 4 37 61
26 5 36 61
26 10 35 61
26 11 37 60
26 12 36 60
26 13 35 60
26 14 38 59
26 15 37 59
26 16 36 59
26 17 35 59
26 18 37 58
26 19 35 57
26 20 35 58
26 21 36 58
26 26 36 57
26 27 37 57
26 28 35 56
26 29 36 56
26 30 37 56
26 31 38 56
26 32 38 57
26 33 39 56
26 34 40 56
26 35 41 56
26 36 39 57
26 37 40 57
26 41 41 57
26 42 38 58
26 43 39 58
26 44 40 58
26 45 41 58
26 46 39 59
26 47 40 59
26 48 41 59
26 49 38 60
26 50 39 60
26 51 40 60
26 52 41 61
26 53 41 60
26 58 40 61
26 59 39 61
26 60 41 62
26 61 40 62
26 62 39 62
26 63 38 62
27 0 45 61
27 1 44 62
27 2 43 62
27 3 42 62
27 4 44 61
27 5 43 61
27 10 42 61
27 11 44 60
27 12 43 60
27 13 42 60
27 14 45 59
27 15 44 59
27 16 43 59
27 17 42 59
27 18 44 58
27 19 42 57
27 20 42 58
27 21 43 58
27 26 43 57
27 27 44 57
27 28 42 56
27 29 43 56
27 30 44 56
27 31 45 56
27 32 45 57
27 33 46 56
27 34 47 56
27 35 48 56
27 36 46 57
27 37 47 57
27 41 48 57
27 42 45 58
27 43 46 58
27 44 47 58
27 45 48 58
27 46 46 59
27 47 47 59
27 48 48 59
27 49 45 60
27 50 46 60
27 51 47 60
27 52 48 61
27 53 48 60
27 58 47 61
27 59 46 61
27 60 48 62
27 61 47 62
27 62 46 62
27 63 45 62
28 0 52 61
28 1 51 62
28 2 50 62
28 3 49 62
28 4 51 61
28 5 50 61
28 10 49 61
28 11 51 60
28 12 50 60
28 13 49 60
28 14 52 59
28 15 51 59
28 16 50 59
28 17 49 59
28 18 51 58
28 19 49 57
28 20 49 58
28 21 50 58
28 26 50 57
28 27 51 57
28 28 49 56
28 29 50 56
28 30 51 56
28 31 52 56
28 32 52 57
28 33 53 56
28 34 54 56
28 35 55 56
28 36 53 57
28 37 54 57
28 41 55 57
28 42 52 58
28 43 53 58
28 44 54 58
28 45 55 58
28 46 53 59
28 47 54 59
28 48 55 59
28 49 52 60
28 50 53 60
28 51 54 60
28 52 55 61
28 53 55 60
28 58 54 61
28 59 53 61
28 60 55 62
28 61 54 62
28 62 53 62
28 63 52 62
29 0 59 61
29 1 58 62
29 2 57 62
29 3 56 62
29 4 58 61
29 5 57 61
29 10 56 61
29 11 58 60
29 12 57 60
29 13 56 60
29 14 59 59
29 15 58 59
29 16 57 59
29 17 56 59
29 18 58 58
29 19 56 57
29 20 56 58
29 21 57 58
29 26 57 57
29 27 58 57
29 28 56 56
29 29 57 56
29 30 58 56
29 31 59 56
29 32 59 57
29 33 60 56
29 34 61 56
29 35 62 56
29 36 60 57
29 37 61 57
29 41 62 57
29 42 59 58
29 43 60 58
29 44 61 58
29 45 62 58
29 46 60 59
29 47 61 59
29 48 62 59
29 49 59 60
29 50 60 60
29 51 61 60
29 52 62 61
29 53 62 60
29 58 61 61
29 59 60 61
29 60 62 62
29 61 61 62
29 62 60 62
29 63 59 62
30 0 66 61
30 1 65 62
30 2 64 62
30 3 63 62
30 4 65 61
30 5 64 61
30 10 63 61
30 11 65 60
30 12 64 60
30 13 63 60
30 14 66 59
30 15 65 59
30 16 64 59
30 17 63 59
30 18 65 58
30 19 63 57
30 20 63 58
30 21 64 58
30 26 64 57
30 27 65 57
30 28 63 56
30 29 64 56
30 30 65 56
30 31 66 56
30 32 66 57
30 33 67 56
30 34 68 56
30 35 69 56
30 36 67 57
30 37 68 57
30 41 69 57
30 42 66 58
30 43 67 58
30 44 68 58
30 45 69 58
30 46 67 59
30 47 68 59
30 48 69 59
30 49 66 60
30 50 67 60
30 51 68 60
30 52 69 61
30 53 69 60
30 58 68 61
30 59 67 61
30 60 69 62
30 61 68 62
30 62 67 62
30 63 66 62
31 0 3 54
31 1 2 55
31 2 1 55
31 3 0 55
31 4 2 54
31 5 1 54
31 10 0 54
31 11 2 53
31 12 1 53
31 13 0 53
31 14 3 52
31 15 2 52
31 16 1 52
31 17 0 52
31 18 2 51
31 19 0 50
31 20 0 51
31 21 1 51
31 26 1 50
31 27 2 50
31 28 0 49
31 29 1 49
31 30 2 49
31 31 3 49
31 32 3 50
31 33 4 49
31 34 5 49
31 35 6 49
31 36 4 50
31 37 5 50
31 41 6 50
31 42 3 51
31 43 4 51
31 44 5 51
31 45 6 51
31 46 4 52
31 47 5 52
31 48 6 52
31 49 3 53
31 50 4 53
31 51 5 53
31 52 6 54
31 53 6 53
31 58 5 54
31 59 4 54
31 60 6 55
31 61 5 55
31 62 4 55
31 63 3 55
32 0 10 54
32 1 9 55
32 2 8 55
32 3 7 55
32 4 9 54
32 5 8 54
32 10 7 54
32 11 9 53
32 12 8 53
32 13 7 53
32 14 10 52
32 15 9 52
32 16 8 52
32 17 7 52
32 18 9 51
32 19 7 50
32 20 7 51
32 21 8 51
32 26 8 50
32 27 9 50
32 28 7 49
32 29 8 49
32 30 9 49
32 31 10 49
32 32 10 50
32 33 11 49
32 34 12 49
32 35 13 49
32 36 11 50
32 37 12 50
32 41 13 50
32 42 10 51
32 43 11 51
32 44 12 51
32 45 13 51
32 46 11 52
32 47 12 52
32 48 13 52
32 49 10 53
32 50 11 53
32 51 12 53
32 52 13 54
32 53 13 53
32 58 12 54
32 59 11 54
32 60 13 55
32 61 12 55
32 62 11 55
32 63 10 55
33 0 17 54
33 1 16 55
33 2 15 55
33 3 14 55
33 4 16 54
33 5 15 54
33 10 14 54
33 11 16 53
33 12 15 53
33 13 14 53
33 14 17 52
33 15 16 52
33 16 15 52
33 17 14 52
33 18 16 51
33 19 14 50
33 20 14 51
33 21 15 51
33 26 15 50
33 27 16 50
33 28 14 49
33 29 15 49
33 30 16 49
33 31 17 49
33 32 17 50
33 33 18 49
33 34 19 49
33 35 20 49
33 36 18 50
33 37 19 50
33 41 20 50
33 42 17 51
33 43 18 51
33 44 19 51
33 45 20 51
33 46 18 52
33 47 19 52
33 48 20 52
33 49 17 53
33 50 18 53
33 51 19 53
33 52 20 54
33 53 20 53
33 58 19 54
33 59 18 54
33 60 20 55
33 61 19 55
33 62 18 55
33 63 17 55
34 0 24 54
34 1 23 55
34 2 22 55
34 3 21 55
34 4 23 54
34 5 22 54
34 10 21 54
34 11 23 53
34 12 22 53
34 13 21 53
34 14 24 52
34 15 23 52
34 16 22 52
34 17 21 52
34 18 23 51
34 19 21 50
34 20 21 51
34 21 22 51
34 26 22 50
34 27 23 50
34 28 21 49
34 29 22 49
34 30 23 49
34 31 24 49
34 32 24 50
34 33 25 49
34 34 26 49
34 35 27 49
34 36 25 50
34 37 26 50
34 41 27 50
34 42 24 51
34 43 25 51
34 44 26 51
34 45 27 51
34 46 25 52
34 47 26 52
34 48 27 52
34 49 24 53
34 50 25 53
34 51 26 53
34 52 27 54
34 53 27 53
34 58 26 54
34 59 25 54
34 60 27 55
34 61 26 55
34 62 25 55
34 63 24 55
35 0 31 54
35 1 30 55
35 2 29 55
35 3 28 55
35 4 30 54
35 5 29 54
35 10 28 54
35 11 30 53
35 12 29 53
35 13 28 53
35 14 31 52
35 15 30 52
35 16 29 52
35 17 28 52
35 18 30 51
35 19 28 50
35 20 28 51
35 21 29 51
35 26 29 50
35 27 30 50
35 28 28 49
35 29 29 49
35 30 30 49
35 31 31 49
35 32 31 50
35 33 32 49
35 34 33 49
35 35 34 49
35 36 32 50
35 37 33 50
35 41 34 50
35 42 31 51
35 43 32 51
35 44 33 51
35 45 34 51
35 46 32 52
35 47 33 52
35 48 34 52
35 49 31 53
35 50 32 53
35 51 33 53
35 52 34 54
35 53 34 53
35 58 33 54
35 59 32 54
35 60 34 55
35 61 33 55
35 62 32 55
35 63 31 55
36 0 38 54
36 1 37 55
36 2 36 55
36 3 35 55
36 4 37 54
36 5 36 54
36 10 35 54
36 11 37 53
36 12 36 53
36 13 35 53
36 14 38 52
36 15 37 52
36 16 36 52
36 17 35 52
36 18 37 51
36 19 35 50
36 20 35 51
36 21 36 51
36 26 36 50
36 27 37 50
36 28 35 49
36 29 36 49
36 30 37 49
36 31 38 49
36 32 38 50
36 33 39 49
36 34 40 49
36 35 41 49
36 36 39 50
36 37 40 50
36 41 41 50
36 42 38 51
36 43 39 51
36 44 40 51
36 45 41 51
36 46 39 52
36 47 40 52
36 48 41 52
36 49 38 53
36 50 39 53
36 51 40 53
36 52 41 54
36 53 41 53
36 58 40 54
36 59 39 54
36 60 41 55
36 61 40 55
36 62 39 55
36 63 38 55
37 0 45 54
37 1 44 55
37 2 43 55
37 3 42 55
37 4 44 54
37 5 43 54
37 10 42 54
37 11 44 53
37 12 43 53
37 13 42 53
37 14 45 52
37 15 44 52
37 16 43 52
37 17 42 52
37 18 44 51
37 19 42 50
37 20 42 51
37 21 43 51
37 26 43 50
37 27 44 50
37 28 42 49
37 29 43 49
37 30 44 49
37 31 45 49
37 32 45 50
37 33 46 49
37 34 47 49
37 35 48 49
37 36 46 50
37 37 47 50
37 41 48 50
37 42 45 51
37 43 46 51
37 44 47 51
37 45 48 51
37 46 46 52
37 47 47 52
37 48 48 52
37 49 45 53
37 50 46 53
37 51 47 53
37 52 48 54
37 53 48 53
37 58 47 54
37 59 46 54
37 60 48 55
37 61 47 55
37 62 46 55
37 63 45 55
38 0 52 54
38 1 51 55
38 2 50 55
38 3 49 55
38 4 51 54
38 5 50 54
38 10 49 54
38 11 51 53
38 12 50 53
38 13 49 53
38 14 52 52
38 15 51 52
38 16 50 52
38 17 49 52
38 18 51 51
38 19 49 50
38 20 49 51
38 21 50 51
38 26 50 50
38 27 51 50
38 28 49 49
38 29 50 49
38 30 51 49
38 31 52 49
38 32 52 50
38 33 53 49
38 34 54 49
38 35 55 49
38 36 53 50
38 37 54 50
38 41 55 50
38 42 52 51
38 43 53 51
38 44 54 51
38 45 55 51
38 46 53 52
38 47 54 52
38 48 55 52
38 49 52 53
38 50 53 53
38 51 54 53
38 52 55 54
38 53 55 53
38 58 54 54
38 59 53 54
38 60 55 55
38 61 54 55
38 62 53 55
38 63 52 55
39 0 59 54
39 1 58 55
39 2 57 55
39 3 56 55
39 4 58 54
39 5 57 54
39 10 56 54
39 11 58 53
39 12 57 53
39 13 56 53
39 14 59 52
39 15 58 52
39 16 57 52
39 17 56 52
39 18 58 51
39 19 56 50
39 20 56 51
39 21 57 51
39 26 57 50
39 27 58 50
39 28 56 49
39 29 57 49
39 30 58 49
39 31 59 49
39 32 59 50
39 33 60 49
39 34 61 49
39 35 62 49
39 36 60 50
39 37 61 50
39 41 62 50
39 42 59 51
39 43 60 51
39 44 61 51
39 45 62 51
39 46 60 52
39 47 61 52
39 48 62 52
39 49 59 53
39 50 60 53
39 51 61 53
39 52 62 54
39 53 62 53
39 58 61 54
39 59 60 54
39 60 62 55
39 61 61 55
39 62 60 55
39 63 59 55
40 0 66 54
40 1 65 55
40 2 64 55
40 3 63 55
40 4 65 54
40 5 64 54
40 10 63 54
40 11 65 53
40 12 64 53
40 13 63 53
40 14 66 52
40 15 65 52
40 16 64 52
40 17 63 52
40 18 65 51
40 19 63 50
40 20 63 51
40 21 64 51
40 26 64 50
40 27 65 50
40 28 63 49
40 29 64 49
40 30 65 49
40 31 66 49
40 32 66 50
40 33 67 49
40 34 68 49
40 35 69 49
40 36 67 50
40 37 68 50
40 41 69 50
40 42 66 51
40 43 67 51
40 44 68 51
40 45 69 51
40 46 67 52
40 47 68 52
40 48 69 52
40 49 66 53
40 50 67 53
40 51 68 53
40 52 69 54
40 53 69 53
40 58 68 54
40 59 67 54
40 60 69 55
40 61 68 55
40 62 67 55
40 63 66 55
41 0 3 47
41 1 2 48
41 2 1 48
41 3 0 48
41 4 2 47
41 5 1 47
41 10 0 47
41 11 2 46
41 12 1 46
41 13 0 46
41 14 3 45
41 15 2 45
41 16 1 45
41 17 0 45
41 18 2 44
41 19 0 43
41 20 0 44
41 21 1 44
41 26 1 43
41 27 2 43
41 28 0 42
41 29 1 42
41 30 2 42
41 31 3 42
41 32 3 43
41 33 4 42
41 34 5 42
41 35 6 42
41 36 4 43
41 37 5 43
41 41 6 43
41 42 3 44
41 43 4 44
41 44 5 44
41 45 6 44
41 46 4 45
41 47 5 45
41 48 6 45
41 49 3 46
41 50 4 46
41 51 5 46
41 52 6 47
41 53 6 46
41 58 5 47
41 59 4 47
41 60 6 48
41 61 5 48
41 62 4 48
41 63 3 48
42 0 10 47
42 1 9 48
42 2 8 48
42 3 7 48
42 4 9 47
42 5 8 47
42 10 7 47
42 11 9 46
42 12 8 46
42 13 7 46
42 14 10 45
42 15 9 45
42 16 8 45
42 17 7 45
42 18 9 44
42 19 7 43
42 20 7 44
42 21 8 44
42 26 8 43
42 27 9 43
42 28 7 42
42 29 8 42
42 30 9 42
42 31 10 42
42 32 10 43
42 33 11 42
42 34 12 42
42 35 13 42
42 36 11 43
42 37 12 43
42 41 13 43
42 42 10 44
42 43 11 44
42 44 12 44
42 45 13 44
42 46 11 45
42 47 12 45
42 48 13 45
42 49 10 46
42 50 11 46
42 51 12 46
42 52 13 47
42 53 13 46
42 58 12 47
42 59 11 47
42 60 13 48
42 61 12 48
42 62 11 48
42 63 10 48
43 0 17 47
43 1 16 48
43 2 15 48
43 3 14 48
43 4 16 47
43 5 15 47
43 10 14 47
43 11 16 46
43 12 15 46
43 13 14 46
43 14 17 45
43 15 16 45
43 16 15 45
43 17 14 45
43 18 16 44
43 19 14 43
43 20 14 44
43 21 15 44
43 26 15 43
43 27 16 43
43 28 14 42
43 29 15 42
43 30 16 42
43 31 17 42
43 32 17 43
43 33 18 42
43 34 19 42
43 35 20 42
43 36 18 43
43 37 19 43
43 41 20 43
43 42 17 44
43 43 18 44
43 44 19 44
43 45 20 44
43 46 18 45
43 47 19 45
43 48 20 45
43 49 17 46
43 50 18 46
43 51 19 46
43 52 20 47
43 53 20 46
43 58 19 47
43 59 18 47
43 60 20 48
43 61 19 48
43 62 18 48
43 63 17 48
44 0 24 47
44 1 23 48
44 2 22 48
44 3 21 48
44 4 23 47
44 5 22 47
44 10 21 47
44 11 23 46
44 12 22 46
44 13 21 46
44 14 24 45
44 15 23 45
44 16 22 45
44 17 21 45
44 18 23 44
44 19 21 43
44 20 21 44
44 21 22 44
44 26 22 43
44 27 23 43
44 28 21 42
44 29 22 42
44 30 23 42
44 31 24 42
44 32 24 43
44 33 25 42
44 34 26 42
44 35 27 42
44 36 25 43
44 37 26 43
44 41 27 43
44 42 24 44
44 43 25 44
44 44 26 44
44 45 27 44
44 46 25 45
44 47 26 45
44 48 27 45
44 49 24 46
44 50 25 46
44 51 26 46
44 52 27 47
44 53 27 46
44 58 26 47
44 59 25 47
44 60 27 48
44 61 26 48
44 62 25 48
44 63 24 48
45 0 31 47
45 1 30 48
45 2 29 48
45 3 28 48
45 4 30 47
45 5 29 47
45 10 28 47
45 11 30 46
45 12 29 46
45 13 28 46
45 14 31 45
45 15 30 45
45 16 29 45
45 17 28 45
45 18 30 44
45 19 28 43
45 20 28 44
45 21 29 44
45 26 29 43
45 27 30 43
45 28 28 42
45 29 29 42
45 30 30 42
45 31 31 42
45 32 31 43
45 33 32 42
45 34 33 42
45 35 34 42
45 36 32 43
45 37 33 43
45 41 34 43
45 42 31 44
45 43 32 44
45 44 33 44
45 45 34 44
45 46 32 45
45 47 33 45
45 48 34 45
45 49 31 46
45 50 32 46
45 51 33 46
45 52 34 47
45 53 34 46
45 58 33 47
45 59 32 47
45 60 34 48
45 61 33 48
45 62 32 48
45 63 31 48
46 0 38 47
46 1 37 48
46 2 36 48
46 3 35 48
46 4 37 47
46 5 36 47
46 10 35 47
46 11 37 46
46 12 36 46
46 13 35 46
46 14 38 45
46 15 37 45
46 16 36 45
46 17 35 45
46 18 37 44
46 19 35 43
46 20 35 44
46 21 36 44
46 26 36 43
46 27 37 43
46 28 35 42
46 29 36 42
46 30 37 42
46 31 38 42
46 32 38 43
46 33 39 42
46 34 40 42
46 35 41 42
46 36 39 43
46 37 40 43
46 41 41 43
46 42 38 44
46 43 39 44
46 44 40 44
46 45 41 44
46 46 39 45
46 47 40 45
46 48 41 45
46 49 38 46
46 50 39 46
46 51 40 46
46 52 41 47
46 53 41 46
46 58 40 47
46 59 39 47
46 60 41 48
46 61 40 48
46 62 39 48
46 63 38 48
47 0 45 47
47 1 44 48
47 2 43 48
47 3 42 48
47 4 44 47
47 5 43 47
47 10 42 47
47 11 44 46
47 12 43 46
47 13 42 46
47 14 45 45
47 15 44 45
47 16 43 45
47 17 42 45
47 18 44 44
47 19 42 43
47 20 42 44
47 21 43 44
47 26 43 43
47 27 44 43
47 28 42 42
47 29 43 42
47 30 44 42
47 31 45 42
47 32 45 43
47 33 46 42
47 34 47 42
47 35 48 42
47 36 46 43
47 37 47 43
47 41 48 43
47 42 45 44
47 43 46 44
47 44 47 44
47 45 48 44
47 46 46 45
47 47 47 45
47 48 48 45
47 49 45 46
47 50 46 46
47 51 47 46
47 52 48 47
47 53 48 46
47 58 47 47
47 59 46 47
47 60 48 48
47 61 47 48
47 62 46 48
47 63 45 48
48 0 52 47
48 1 51 48
48 2 50 48
48 3 49 48
48 4 51 47
48 5 50 47
48 10 49 47
48 11 51 46
48 12 50 46
48 13 49 46
48 14 52 45
48 15 51 45
48 16 50 45
48 17 49 45
48 18 51 44
48 19 49 43
48 20 49 44
48 21 50 44
48 26 50 43
48 27 51 43
48 28 49 42
48 29 50 42
48 30 51 42
48 31 52 42
48 32 52 43
48 33 53 42
48 34 54 42
48 35 55 42
48 36 53 43
48 37 54 43
48 41 55 43
48 42 52 44
48 43 53 44
48 44 54 44
48 45 55 44
48 46 53 45
48 47 54 45
48 48 55 45
48 49 52 46
48 50 53 46
48 51 54 46
48 52 55 47
48 53 55 46
48 58 54 47
48 59 53 47
48 60 55 48
48 61 54 48
48 62 53 48
48 63 52 48
49 0 59 47
49 1 58 48
49 2 57 48
49 3 56 48
49 4 58 47
49 5 57 47
49 10 56 47
49 11 58 46
49 12 57 46
49 13 56 46
49 14 59 45
49 15 58 45
49 16 57 45
49 17 56 45
49 18 58 44
49 19 56 43
49 20 56 44
49 21 57 44
49 26 57 43
49 27 58 43
49 28 56 42
49 29 57 42
49 30 58 42
49 31 59 42
49 32 59 43
49 33 60 42
49 34 61 42
49 35 62 42
49 36 60 43
49 37 61 43
49 41 62 43
49 42 59 44
49 43 60 44
49 44 61 44
49 45 62 44
49 46 60 45
49 47 61 45
49 48 62 45
49 49 59 46
49 50 60 46
49 51 61 46
49 52 62 47
49 53 62 46
49 58 61 47
49 59 60 47
49 60 62 48
49 61 61 48
49 62 60 48
49 63 59 48
50 0 66 47
50 1 65 48
50 2 64 48
50 3 63 48
50 4 65 47
50 5 64 47
50 10 63 47
50 11 65 46
50 12 64 46
50 13 63 46
50 14 66 45
50 15 65 45
50 16 64 45
50 17 63 45
50 18 65 44
50 19 63 43
50 20 63 44
50 21 64 44
50 26 64 43
50 27 65 43
50 28 63 42
50 29 64 42
50 30 65 42
50 31 66 42
50 32 66 43
50 33 67 42
50 34 68 42
50 35 69 42
50 36 67 43
50 37 68 43
50 41 69 43
50 42 66 44
50 43 67 44
50 44 68 44
50 45 69 44
50 46 67 45
50 47 68 45
50 48 69 45
50 49 66 46
50 50 67 46
50 51 68 46
50 52 69 47
50 53 69 46
50 58 68 47
50 59 67 47
50 60 69 48
50 61 68 48
50 62 67 48
50 63 66 48
51 0 3 40
51 1 2 41
51 2 1 41
51 3 0 41
51 4 2 40
51 5 1 40
51 10 0 40
51 11 2 39
51 12 1 39
51 13 0 39
51 14 3 38
51 15 2 38
51 16 1 38
51 17 0 38
51 18 2 37
51 19 0 36
51 20 0 37
51 21 1 37
51 26 1 36
51 27 2 36
51 28 0 35
51 29 1 35
51 30 2 35
51 31 3 35
51 32 3 36
51 33 4 35
51 34 5 35
51 35 6 35
51 36 4 36
51 37 5 36
51 41 6 36
51 42 3 37
51 43 4 37
51 44 5 37
51 45 6 37
51 46 4 38
51 47 5 38
51 48 6 38
51 49 3 39
51 50 4 39
51 51 5 39
51 52 6 40
51 53 6 39
51 58 5 40
51 59 4 40
51 60 6 41
51 61 5 41
51 62 4 41
51 63 3 41
52 0 10 40
52 1 9 41
52 2 8 41
52 3 7 41
52 4 9 40
52 5 8 40
52 10 7 40
52 11 9 39
52 12 8 39
52 13 7 39
52 14 10 38
52 15 9 38
52 16 8 38
52 17 7 38
52 18 9 37
52 19 7 36
52 20 7 37
52 21 8 37
52 26 8 36
52 27 9 36
52 28 7 35
52 29 8 35
52 30 9 35
52 31 10 35
52 32 10 36
52 33 11 35
52 34 12 35
52 35 13 35
52 36 11 36
52 37 12 36
52 41 13 36
52 42 10 37
52 43 11 37
52 44 12 37
52 45 13 37
52 46 11 38
52 47 12 38
52 48 13 38
52 49 10 39
52 50 11 39
52 51 12 39
52 52 13 40
52 53 13 39
52 58 12 40
52 59 11 40
52 60 13 41
52 61 12 41
52 62 11 41
52 63 10 41
53 0 17 40
53 1 16 41
53 2 15 41
53 3 14 41
53 4 16 40
53 5 15 40
53 10 14 40
53 11 16 39
53 12 15 39
53 13 14 39
53 14 17 38
53 15 16 38
53 16 15 38
53 17 14 38
53 18 16 37
53 19 14 36
53 20 14 37
53 21 15 37
53 26 15 36
53 27 16 36
53 28 14 35
53 29 15 35
53 30 16 35
53 31 17 35
53 32 17 36
53 33 18 35
53 34 19 35
53 35 20 35
53 36 18 36
53 37 19 36
53 41 20 36
53 42 17 37
53 43 18 37
53 44 19 37
53 45 20 37
53 46 18 38
53 47 19 38
53 48 20 38
53 49 17 39
53 50 18 39
53 51 19 39
53 52 20 40
53 53 20 39
53 58 19 40
53 59 18 40
53 60 20 41
53 61 19 41
53 62 18 41
53 63 17 41
54 0 24 40
54 1 23 41
54 2 22 41
54 3 21 41
54 4 23 40
54 5 22 40
54 10 21 40
54 11 23 39
54 12 22 39
54 13 21 39
54 14 24 38
54 15 23 38
54 16 22 38
54 17 21 38
54 18 23 37
54 19 21 36
54 20 21 37
54 21 22 37
54 26 22 36
54 27 23 36
54 28 21 35
54 29 22 35
54 30 23 35
54 31 24 35
54 32 24 36
54 33 25 35
54 34 26 35
54 35 27 35
54 36 25 36
54 37 26 36
54 41 27 36
54 42 24 37
54 43 25 37
54 44 26 37
54 45 27 37
54 46 25 38
54 47 26 38
54 48 27 38
54 49 24 39
54 50 25 39
54 51 26 39
54 52 27 40
54 53 27 39
54 58 26 40
54 59 25 40
54 60 27 41
54 61 26 41
54 62 25 41
54 63 24 41
55 0 31 40
55 1 30 41
55 2 29 41
55 3 28 41
55 4 30 40
55 5 29 40
55 10 28 40
55 11 30 39
55 12 29 39
55 13 28 39
55 14 31 38
55 15 30 38
55 16 29 38
55 17 28 38
55 18 30 37
55 19 28 36
55 20 28 37
55 21 29 37
55 26 29 36
55 27 30 36
55 28 28 35
55 29 29 35
55 30 30 35
55 31 31 35
55 32 31 36
55 33 32 35
55 34 33 35
55 35 34 35
55 36 32 36
55 37 33 36
55 41 34 36
55 42 31 37
55 43 32 37
55 44 33 37
55 45 34 37
55 46 32 38
55 47 33 38
55 48 34 38
55 49 31 39
55 50 32 39
55 51 33 39
55 52 34 40
55 53 34 39
55 58 33 40
55 59 32 40
55 60 34 41
55 61 33 41
55 62 32 41
55 63 31 41
56 0 38 40
56 1 37 41
56 2 36 41
56 3 35 41
56 4 37 40
56 5 36 40
56 10 35 40
56 11 37 39
56 12 36 39
56 13 35 39
56 14 38 38
56 15 37 38
56 16 36 38
56 17 35 38
56 18 37 37
56 19 35 36
56 20 35 37
56 21 36 37
56 26 36 36
56 27 37 36
56 28 35 35
56 29 36 35
56 30 37 35
56 31 38 35
56 32 38 36
56 33 39 35
56 34 40 35
56 35 41 35
56 36 39 36
56 37 40 36
56 41 41 36
56 42 38 37
56 43 39 37
56 44 40 37
56 45 41 37
56 46 39 38
56 47 40 38
56 48 41 38
56 49 38 39
56 50 39 39
56 51 40 39
56 52 41 40
56 53 41 39
56 58 40 40
56 59 39 40
56 60 41 41
56 61 40 41
56 62 39 41
56 63 38 41
57 0 45 40
57 1 44 41
57 2 43 41
57 3 42 41
57 4 44 40
57 5 43 40
57 10 42 40
57 11 44 39
57 12 43 39
57 13 42 39
57 14 45 38
57 15 44 38
57 16 43 38
57 17 42 38
57 18 44 37
57 19 42 36
57 20 42 37
57 21 43 37
57 26 43 36
57 27 44 36
57 28 42 35
57 29 43 35
57 30 44 35
57 31 45 35
57 32 45 36
57 33 46 35
57 34 47 35
57 35 48 35
57 36 46 36
57 37 47 36
57 41 48 36
57 42 45 37
57 43 46 37
57 44 47 37
57 45 48 37
57 46 46 38
57 47 47 38
57 48 48 38
57 49 45 39
57 50 46 39
57 51 47 39
57 52 48 40
57 53 48 39
57 58 47 40
57 59 46 40
57 60 48 41
57 61 47 41
57 62 46 41
57 63 45 41
58 0 52 40
58 1 51 41
58 2 50 41
58 3 49 41
58 4 51 40
58 5 50 40
58 10 49 40
58 11 51 39
58 12 50 39
58 13 49 39
58 14 52 38
58 15 51 38
58 16 50 38
58 17 49 38
58 18 51 37
58 19 49 36
58 20 49 37
58 21 50 37
58 26 50 36
58 27 51 36
58 28 49 35
58 29 50 35
58 30 51 35
58 31 52 35
58 32 52 36
58 33 53 35
58 34 54 35
58 35 55 35
58 36 53 36
58 37 54 36
58 41 55 36
58 42 52 37
58 43 53 37
58 44 54 37
58 45 55 37
58 46 53 38
58 47 54 38
58 48 55 38
58 49 52 39
58 50 53 39
58 51 54 39
58 52 55 40
58 53 55 39
58 58 54 40
58 59 53 40
58 60 55 41
58 61 54 41
58 62 53 41
58 63 52 41
59 0 59 40
59 1 58 41
59 2 57 41
59 3 56 41
59 4 58 40
59 5 57 40
59 10 56 40
59 11 58 39
59 12 57 39
59 13 56 39
59 14 59 38
59 15 58 38
59 16 57 38
59 17 56 38
59 18 58 37
59 19 56 36
59 20 56 37
59 21 57 37
59 26 57 36
59 27 58 36
59 28 56 35
59 29 57 35
59 30 58 35
59 31 59 35
59 32 59 36
59 33 60 35
59 34 61 35
59 35 62 35
59 36 60 36
59 37 61 36
59 41 62 36
59 42 59 37
59 43 60 37
59 44 61 37
59 45 62 37
59 46 60 38
59 47 61 38
59 48 62 38
59 49 59 39
59 50 60 39
59 51 61 39
59 52 62 40
59 53 62 39
59 58 61 40
59 59 60 40
59 60 62 41
59 61 61 41
59 62 60 41
59 63 59 41
60 0 66 40
60 1 65 41
60 2 64 41
60 3 63 41
60 4 65 40
60 5 64 40
60 10 63 40
60 11 65 39
60 12 64 39
60 13 63 39
60 14 66 38
60 15 65 38
60 16 64 38
60 17 63 38
60 18 65 37
60 19 63 36
60 20 63 37
60 21 64 37
60 26 64 36
60 27 65 36
60 28 63 35
60 29 64 35
60 30 65 35
60 31 66 35
60 32 66 36
60 33 67 35
60 34 68 35
60 35 69 35
60 36 67 36
60 37 68 36
60 41 69 36
60 42 66 37
60 43 67 37
60 44 68 37
60 45 69 37
60 46 67 38
60 47 68 38
60 48 69 38
60 49 66 39
60 50 67 39
60 51 68 39
60 52 69 40
60 53 69 39
60 58 68 40
60 59 67 40
60 60 69 41
60 61 68 41
60 62 67 41
60 63 66 41
61 0 3 33
61 1 2 34
61 2 1 34
61 3 0 34
61 4 2 33
61 5 1 33
61 10 0 33
61 11 2 32
61 12 1 32
61 13 0 32
61 14 3 31
61 15 2 31
61 16 1 31
61 17 0 31
61 18 2 30
61 19 0 29
61 20 0 30
61 21 1 30
61 26 1 29
61 27 2 29
61 28 0 28
61 29 1 28
61 30 2 28
61 31 3 28
61 32 3 29
61 33 4 28
61 34 5 28
61 35 6 28
61 36 4 29
61 37 5 29
61 41 6 29
61 42 3 30
61 43 4 30
61 44 5 30
61 45 6 30
61 46 4 31
61 47 5 31
61 48 6 31
61 49 3 32
61 50 4 32
61 51 5 32
61 52 6 33
61 53 6 32
61 58 5 33
61 59 4 33
61 60 6 34
61 61 5 34
61 62 4 34
61 63 3 34
62 0 10 33
62 1 9 34
62 2 8 34
62 3 7 34
62 4 9 33
62 5 8 33
62 10 7 33
62 11 9 32
62 12 8 32
62 13 7 32
62 14 10 31
62 15 9 31
62 16 8 31
62 17 7 31
62 18 9 30
62 19 7 29
62 20 7 30
62 21 8 30
62 26 8 29
62 27 9 29
62 28 7 28
62 29 8 28
62 30 9 28
62 31 10 28
62 32 10 29
62 33 11 28
62 34 12 28
62 35 13 28
62 36 11 29
62 37 12 29
62 41 13 29
62 42 10 30
62 43 11 30
62 44 12 30
62 45 13 30
62 46 11 31
62 47 12 31
62 48 13 31
62 49 10 32
62 50 11 32
62 51 12 32
62 52 13 33
62 53 13 32
62 58 12 33
62 59 11 33
62 60 13 34
62 61 12 34
62 62 11 34
62 63 10 34
63 0 17 33
63 1 16 34
63 2 15 34
63 3 14 34
63 4 16 33
63 5 15 33
63 10 14 33
63 11 16 32
63 12 15 32
63 13 14 32
63 14 17 31
63 15 16 31
63 16 15 31
63 17 14 31
63 18 16 30
63 19 14 29
63 20 14 30
63 21 15 30
63 26 15 29
63 27 16 29
63 28 14 28
63 29 15 28
63 30 16 28
63 31 17 28
63 32 17 29
63 33 18 28
63 34 19 28
63 35 20 28
63 36 18 29
63 37 19 29
63 41 20 29
63 42 17 30
63 43 18 30
63 44 19 30
63 45 20 30
63 46 18 31
63 47 19 31
63 48 20 31
63 49 17 32
63 50 18 32
63 51 19 32
63 52 20 33
63 53 20 32
63 58 19 33
63 59 18 33
63 60 20 34
63 61 19 34
63 62 18 34
63 63 17 34
64 0 24 33
64 1 23 34
64 2 22 34
64 3 21 34
64 4 23 33
64 5 22 33
64 10 21 33
64 11 23 32
64 12 22 32
64 13 21 32
64 14 24 31
64 15 23 31
64 16 22 31
64 17 21 31
64 18 23 30
64 19 21 29
64 20 21 30
64 21 22 30
64 26 22 29
64 27 23 29
64 28 21 28
64 29 22 28
64 30 23 28
64 31 24 28
64 32 24 29
64 33 25 28
64 34 26 28
64 35 27 28
64 36 25 29
64 37 26 29
64 41 27 29
64 42 24 30
64 43 25 30
64 44 26 30
64 45 27 30
64 46 25 31
64 47 26 31
64 48 27 31
64 49 24 32
64 50 25 32
64 51 26 32
64 52 27 33
64 53 27 32
64 58 26 33
64 59 25 33
64 60 27 34
64 61 26 34
64 62 25 34
64 63 24 34
65 0 31 33
65 1 30 34
65 2 29 34
65 3 28 34
65 4 30 33
65 5 29 33
65 10 28 33
65 11 30 32
65 12 29 32
65 13 28 32
65 14 31 31
65 15 30 31
65 16 29 31
65 17 28 31
65 18 30 30
65 19 28 29
65 20 28 30
65 21 29 30
65 26 29 29
65 27 30 29
65 28 28 28
65 29 29 28
65 30 30 28
65 31 31 28
65 32 31 29
65 33 32 28
65 34 33 28
65 35 34 28
65 36 32 29
65 37 33 29
65 41 34 29
65 42 31 30
65 43 32 30
65 44 33 30
65 45 34 30
65 46 32 31
65 47 33 31
65 48 34 31
65 49 31 32
65 50 32 32
65 51 33 32
65 52 34 33
65 53 34 32
65 58 33 33
65 59 32 33
65 60 34 34
65 61 33 34
65 62 32 34
65 63 31 34
66 0 38 33
66 1 37 34
66 2 36 34
66 3 35 34
66 4 37 33
66 5 36 33
66 10 35 33
66 11 37 32
66 12 36 32
66 13 35 32
66 14 38 31
66 15 37 31
66 16 36 31
66 17 35 31
66 18 37 30
66 19 35 29
66 20 35 30
66 21 36 30
66 26 36 29
66 27 37 29
66 28 35 28
66 29 36 28
66 30 37 28
66 31 38 28
66 32 38 29
66 33 39 28
66 34 40 28
66 35 41 28
66 36 39 29
66 37 40 29
66 41 41 29
66 42 38 30
66 43 39 30
66 44 40 30
66 45 41 30
66 46 39 31
66 47 40 31
66 48 41 31
66 49 38 32
66 50 39 32
66 51 40 32
66 52 41 33
66 53 41 32
66 58 40 33
66 59 39 33
66 60 41 34
66 61 40 34
66 62 39 34
66 63 38 34
67 0 45 33
67 1 44 34
67 2 43 34
67 3 42 34
67 4 44 33
67 5 43 33
67 10 42 33
67 11 44 32
67 12 43 32
67 13 42 32
67 14 45 31
67 15 44 31
67 16 43 31
67 17 42 31
67 18 44 30
67 19 42 29
67 20 42 30
67 21 43 30
67 26 43 29
67 27 44 29
67 28 42 28
67 29 43 28
67 30 44 28
67 31 45 28
67 32 45 29
67 33 46 28
67 34 47 28
67 35 48 28
67 36 46 29
67 37 47 29
67 41 48 29
67 42 45 30
67 43 46 30
67 44 47 30
67 45 48 30
67 46 46 31
67 47 47 31
67 48 48 31
67 49 45 32
67 50 46 32
67 51 47 32
67 52 48 33
67 53 48 32
67 58 47 33
67 59 46 33
67 60 48 34
67 61 47 34
67 62 46 34
67 63 45 34
68 0 52 33
68 1 51 34
68 2 50 34
68 3 49 34
68 4 51 33
68 5 50 33
68 10 49 33
68 11 51 32
68 12 50 32
68 13 49 32
68 14 52 31
68 15 51 31
68 16 50 31
68 17 49 31
68 18 51 30
68 19 49 29
68 20 49 30
68 21 50 30
68 26 50 29
68 27 51 29
68 28 49 28
68 29 50 28
68 30 51 28
68 31 52 28
68 32 52 29
68 33 53 28
68 34 54 28
68 35 55 28
68 36 53 29
68 37 54 29
68 41 55 29
68 42 52 30
68 43 53 30
68 44 54 30
68 45 55 30
68 46 53 31
68 47 54 31
68 48 55 31
68 49 52 32
68 50 53 32
68 51 54 32
68 52 55 33
68 53 55 32
68 58 54 33
68 59 53 33
68 60 55 34
68 61 54 34
68 62 53 34
68 63 52 34
69 0 59 33
69 1 58 34
69 2 57 34
69 3 56 34
69 4 58 33
69 5 57 33
69 10 56 33
69 11 58 32
69 12 57 32
69 13 56 32
69 14 59 31
69 15 58 31
69 16 57 31
69 17 56 31
69 18 58 30
69 19 56 29
69 20 56 30
69 21 57 30
69 26 57 29
69 27 58 29
69 28 56 28
69 29 57 28
69 30 58 28
69 31 59 28
69 32 59 29
69 33 60 28
69 34 61 28
69 35 62 28
69 36 60 29
69 37 61 29
69 41 62 29
69 42 59 30
69 43 60 30
69 44 61 30
69 45 62 30
69 46 60 31
69 47 61 31
69 48 62 31
69 49 59 32
69 50 60 32
69 51 61 32
69 52 62 33
69 53 62 32
69 58 61 33
69 59 60 33
69 60 62 34
69 61 61 34
69 62 60 34
69 63 59 34
70 0 66 33
70 1 65 34
70 2 64 34
70 3 63 34
70 4 65 33
70 5 64 33
70 10 63 33
70 11 65 32
70 12 64 32
70 13 63 32
70 14 66 31
70 15 65 31
70 16 64 31
70 17 63 31
70 18 65 30
70 19 63 29
70 20 63 30
70 21 64 30
70 26 64 29
70 27 65 29
70 28 63 28
70 29 64 28
70 30 65 28
70 31 66 28
70 32 66 29
70 33 67 28
70 34 68 28
70 35 69 28
70 36 67 29
70 37 68 29
70 41 69 29
70 42 66 30
70 43 67 30
70 44 68 30
70 45 69 30
70 46 67 31
70 47 68 31
70 48 69 31
70 49 66 32
70 50 67 32
70 51 68 32
70 52 69 33
70 53 69 32
70 58 68 33
70 59 67 33
70 60 69 34
70 61 68 34
70 62 67 34
70 63 66 34
71 0 3 26
71 1 2 27
71 2 1 27
71 3 0 27
71 4 2 26
71 5 1 26
71 10 0 26
71 11 2 25
71 12 1 25
71 13 0 25
71 14 3 24
71 15 2 24
71 16 1 24
71 17 0 24
71 18 2 23
71 19 0 22
71 20 0 23
71 21 1 23
71 26 1 22
71 27 2 22
71 28 0 21
71 29 1 21
71 30 2 21
71 31 3 21
71 32 3 22
71 33 4 21
71 34 5 21
71 35 6 21
71 36 4 22
71 37 5 22
71 41 6 22
71 42 3 23
71 43 4 23
71 44 5 23
71 45 6 23
71 46 4 24
71 47 5 24
71 48 6 24
71 49 3 25
71 50 4 25
71 51 5 25
71 52 6 26
71 53 6 25
71 58 5 26
71 59 4 26
71 60 6 27
71 61 5 27
71 62 4 27
71 63 3 27
72 0 10 26
72 1 9 27
72 2 8 27
72 3 7 27
72 4 9 26
72 5 8 26
72 10 7 26
72 11 9 25
72 12 8 25
72 13 7 25
72 14 10 24
72 15 9 24
72 16 8 24
72 17 7 24
72 18 9 23
72 19 7 22
72 20 7 23
72 21 8 23
72 26 8 22
72 27 9 22
72 28 7 21
72 29 8 21
72 30 9 21
72 31 10 21
72 32 10 22
72 33 11 21
72 34 12 21
72 35 13 21
72 36 11 22
72 37 12 22
72 41 13 22
72 42 10 23
72 43 11 23
72 44 12 23
72 45 13 23
72 46 11 24
72 47 12 24
72 48 13 24
72 49 10 25
72 50 11 25
72 51 12 25
72 52 13 26
72 53 13 25
72 58 12 26
72 59 11 26
72 60 13 27
72 61 12 27
72 62 11 27
72 63 10 27
73 0 17 26
73 1 16 27
73 2 15 27
73 3 14 27
73 4 16 26
73 5 15 26
73 10 14 26
73 11 16 25
73 12 15 25
73 13 14 25
73 14 17 24
73 15 16 24
73 16 15 24
73 17 14 24
73 18 16 23
73 19 14 22
73 20 14 23
73 21 15 23
73 26 15 22
73 27 16 22
73 28 14 21
73 29 15 21
73 30 16 21
73 31 17 21
73 32 17 22
73 33 18 21
73 34 19 21
73 35 20 21
73 36 18 22
73 37 19 22
73 41 20 22
73 42 17 23
73 43 18 23
73 44 19 23
73 45 20 23
73 46 18 24
73 47 19 24
73 48 20 24
73 49 17 25
73 50 18 25
73 51 19 25
73 52 20 26
73 53 20 25
73 58 19 26
73 59 18 26
73 60 20 27
73 61 19 27
73 62 18 27
73 63 17 27
74 0 24 26
74 1 23 27
74 2 22 27
74 3 21 27
74 4 23 26
74 5 22 26
74 10 21 26
74 11 23 25
74 12 22 25
74 13 21 25
74 14 24 24
74 15 23 24
74 16 22 24
74 17 21 24
74 18 23 23
74 19 21 22
74 20 21 23
74 21 22 23
74 26 22 22
74 27 23 22
74 28 21 21
74 29 22 21
74 30 23 21
74 31 24 21
74 32 24 22
74 33 25 21
74 34 26 21
74 35 27 21
74 36 25 22
74 37 26 22
74 41 27 22
74 42 24 23
74 43 25 23
74 44 26 23
74 45 27 23
74 46 25 24
74 47 26 24
74 48 27 24
74 49 24 25
74 50 25 25
74 51 26 25
74 52 27 26
74 53 27 25
74 58 26 26
74 59 25 26
74 60 27 27
74 61 26 27
74 62 25 27
74 63 24 27
75 0 31 26
75 1 30 27
75 2 29 27
75 3 28 27
75 4 30 26
75 5 29 26
75 10 28 26
75 11 30 25
75 12 29 25
75 13 28 25
75 14 31 24
75 15 30 24
75 16 29 24
75 17 28 24
75 18 30 23
75 19 28 22
75 20 28 23
75 21 29 23
75 26 29 22
75 27 30 22
75 28 28 21
75 29 29 21
75 30 30 21
75 31 31 21
75 32 31 22
75 33 32 21
75 34 33 21
75 35 34 21
75 36 32 22
75 37 33 22
75 41 34 22
75 42 31 23
75 43 32 23
75 44 33 23
75 45 34 23
75 46 32 24
75 47 33 24
75 48 34 24
75 49 31 25
75 50 32 25
75 51 33 25
75 52 34 26
75 53 34 25
75 58 33 26
75 59 32 26
75 60 34 27
75 61 33 27
75 62 32 27
75 63 31 27
76 0 38 26
76 1 37 27
76 2 36 27
76 3 35 27
76 4 37 26
76 5 36 26
76 10 35 26
76 11 37 25
76 12 36 25
76 13 35 25
76 14 38 24
76 15 37 24
76 16 36 24
76 17 35 24
76 18 37 23
76 19 35 22
76 20 35 23
76 21 36 23
76 26 36 22
76 27 37 22
76 28 35 21
76 29 36 21
76 30 37 21
76 31 38 21
76 32 38 22
76 33 39 21
76 34 40 21
76 35 41 21
76 36 39 22
76 37 40 22
76 41 41 22
76 42 38 23
76 43 39 23
76 44 40 23
76 45 41 23
76 46 39 24
76 47 40 24
76 48 41 24
76 49 38 25
76 50 39 25
76 51 40 25
76 52 41 26
76 53 41 25
76 58 40 26
76 59 39 26
76 60 41 27
76 61 40 27
76 62 39 27
76 63 38 27
77 0 45 26
77 1 44 27
77 2 43 27
77 3 42 27
77 4 44 26
77 5 43 26
77 10 42 26
77 11 44 25
77 12 43 25
77 13 42 25
77 14 45 24
77 15 44 24
77 16 43 24
77 17 42 24
77 18 44 23
77 19 42 22
77 20 42 23
77 21 43 23
77 26 43 22
77 27 44 22
77 28 42 21
77 29 43 21
77 30 44 21
77 31 45 21
77 32 45 22
77 33 46 21
77 34 47 21
77 35 48 21
77 36 46 22
77 37 47 22
77 41 48 22
77 42 45 23
77 43 46 23
77 44 47 23
77 45 48 23
77 46 46 24
77 47 47 24
77 48 48 24
77 49 45 25
77 50 46 25
77 51 47 25
77 52 48 26
77 53 48 25
77 58 47 26
77 59 46 26
77 60 48 27
77 61 47 27
77 62 46 27
77 63 45 27
78 0 52 26
78 1 51 27
78 2 50 27
78 3 49 27
78 4 51 26
78 5 50 26
78 10 49 26
78 11 51 25
78 12 50 25
78 13 49 25
78 14 52 24
78 15 51 24
78 16 50 24
78 17 49 24
78 18 51 23
78 19 49 22
78 20 49 23
78 21 50 23
78 26 50 22
78 27 51 22
78 28 49 21
78 29 50 21
78 30 51 21
78 31 52 21
78 32 52 22
78 33 53 21
78 34 54 21
78 35 55 21
78 36 53 22
78 37 54 22
78 41 55 22
78 42 52 23
78 43 53 23
78 44 54 23
78 45 55 23
78 46 53 24
78 47 54 24
78 48 55 24
78 49 52 25
78 50 53 25
78 51 54 25
78 52 55 26
78 53 55 25
78 58 54 26
78 59 53 26
78 60 55 27
78 61 54 27
78 62 53 27
78 63 52 27
79 0 59 26
79 1 58 27
79 2 57 27
79 3 56 27
79 4 58 26
79 5 57 26
79 10 56 26
79 11 58 25
79 12 57 25
79 13 56 25
79 14 59 24
79 15 58 24
79 16 57 24
79 17 56 24
79 18 58 23
79 19 56 22
79 20 56 23
79 21 57 23
79 26 57 22
79 27 58 22
79 28 56 21
79 29 57 21
79 30 58 21
79 31 59 21
79 32 59 22
79 33 60 21
79 34 61 21
79 35 62 21
79 36 60 22
79 37 61 22
79 41 62 22
79 42 59 23
79 43 60 23
79 44 61 23
79 45 62 23
79 46 60 24
79 47 61 24
79 48 62 24
79 49 59 25
79 50 60 25
79 51 61 25
79 52 62 26
79 53 62 25
79 58 61 26
79 59 60 26
79 60 62 27
79 61 61 27
79 62 60 27
79 63 59 27
80 0 66 26
80 1 65 27
80 2 64 27
80 3 63 27
80 4 65 26
80 5 64 26
80 10 63 26
80 11 65 25
80 12 64 25
80 13 63 25
80 14 66 24
80 15 65 24
80 16 64 24
80 17 63 24
80 18 65 23
80 19 63 22
80 20 63 23
80 21 64 23
80 26 64 22
80 27 65 22
80 28 63 21
80 29 64 21
80 30 65 21
80 31 66 21
80 32 66 22
80 33 67 21
80 34 68 21
80 35 69 21
80 36 67 22
80 37 68 22
80 41 69 22
80 42 66 23
80 43 67 23
80 44 68 23
80 45 69 23
80 46 67 24
80 47 68 24
80 48 69 24
80 49 66 25
80 50 67 25
80 51 68 25
80 52 69 26
80 53 69 25
80 58 68 26
80 59 67 26
80 60 69 27
80 61 68 27
80 62 67 27
80 63 66 27
81 0 3 19
81 1 2 20
81 2 1 20
81 3 0 20
81 4 2 19
81 5 1 19
81 10 0 19
81 11 2 18
81 12 1 18
81 13 0 18
81 14 3 17
81 15 2 17
81 16 1 17
81 17 0 17
81 18 2 16
81 19 0 15
81 20 0 16
81 21 1 16
81 26 1 15
81 27 2 15
81 28 0 14
81 29 1 14
81 30 2 14
81 31 3 14
81 32 3 15
81 33 4 14
81 34 5 14
81 35 6 14
81 36 4 15
81 37 5 15
81 41 6 15
81 42 3 16
81 43 4 16
81 44 5 16
81 45 6 16
81 46 4 17
81 47 5 17
81 48 6 17
81 49 3 18
81 50 4 18
81 51 5 18
81 52 6 19
81 53 6 18
81 58 5 19
81 59 4 19
81 60 6 20
81 61 5 20
81 62 4 20
81 63 3 20
82 0 10 19
82 1 9 20
82 2 8 20
82 3 7 20
82 4 9 19
82 5 8 19
82 10 7 19
82 11 9 18
82 12 8 18
82 13 7 18
82 14 10 17
82 15 9 17
82 16 8 17
82 17 7 17
82 18 9 16
82 19 7 15
82 20 7 16
82 21 8 16
82 26 8 15
82 27 9 15
82 28 7 14
82 29 8 14
82 30 9 14
82 31 10 14
82 32 10 15
82 33 11 14
82 34 12 14
82 35 13 14
82 36 11 15
82 37 12 15
82 41 13 15
82 42 10 16
82 43 11 16
82 44 12 16
82 45 13 16
82 46 11 17
82 47 12 17
82 48 13 17
82 49 10 18
82 50 11 18
82 51 12 18
82 52 13 19
82 53 13 18
82 58 12 19
82 59 11 19
82 60 13 20
82 61 12 20
82 62 11 20
82 63 10 20
83 0 17 19
83 1 16 20
83 2 15 20
83 3 14 20
83 4 16 19
83 5 15 19
83 10 14 19
83 11 16 18
83 12 15 18
83 13 14 18
83 14 17 17
83 15 16 17
83 16 15 17
83 17 14 17
83 18 16 16
83 19 14 15
83 20 14 16
83 21 15 16
83 26 15 15
83 27 16 15
83 28 14 14
83 29 15 14
83 30 16 14
83 31 17 14
83 32 17 15
83 33 18 14
83 34 19 14
83 35 20 14
83 36 18 15
83 37 19 15
83 41 20 15
83 42 17 16
83 43 18 16
83 44 19 16
83 45 20 16
83 46 18 17
83 47 19 17
83 48 20 17
83 49 17 18
83 50 18 18
83 51 19 18
83 52 20 19
83 53 20 18
83 58 19 19
83 59 18 19
83 60 20 20
83 61 19 20
83 62 18 20
83 63 17 20
84 0 24 19
84 1 23 20
84 2 22 20
84 3 21 20
84 4 23 19
84 5 22 19
84 10 21 19
84 11 23 18
84 12 22 18
84 13 21 18
84 14 24 17
84 15 23 17
84 16 22 17
84 17 21 17
84 18 23 16
84 19 21 15
84 20 21 16
84 21 22 16
84 26 22 15
84 27 23 15
84 28 21 14
84 29 22 14
84 30 23 14
84 31 24 14
84 32 24 15
84 33 25 14
84 34 26 14
84 35 27 14
84 36 25 15
84 37 26 15
84 41 27 15
84 42 24 16
84 43 25 16
84 44 26 16
84 45 27 16
84 46 25 17
84 47 26 17
84 48 27 17
84 49 24 18
84 50 25 18
84 51 26 18
84 52 27 19
84 53 27 18
84 58 26 19
84 59 25 19
84 60 27 20
84 61 26 20
84 62 25 20
84 63 24 20
85 0 31 19
85 1 30 20
85 2 29 20
85 3 28 20
85 4 30 19
85 5 29 19
85 10 28 19
85 11 30 18
85 12 29 18
85 13 28 18
85 14 31 17
85 15 30 17
85 16 29 17
85 17 28 17
85 18 30 16
85 19 28 15
85 20 28 16
85 21 29 16
85 26 29 15
85 27 30 15
85 28 28 14
85 29 29 14
85 30 30 14
85 31 31 14
85 32 31 15
85 33 32 14
85 34 33 14
85 35 34 14
85 36 32 15
85 37 33 15
85 41 34 15
85 42 31 16
85 43 32 16
85 44 33 16
85 45 34 16
85 46 32 17
85 47 33 17
85 48 34 17
85 49 31 18
85 50 32 18
85 51 33 18
85 52 34 19
85 53 34 18
85 58 33 19
85 59 32 19
85 60 34 20
85 61 33 20
85 62 32 20
85 63 31 20
86 0 38 19
86 1 37 20
86 2 36 20
86 3 35 20
86 4 37 19
86 5 36 19
86 10 35 19
86 11 37 18
86 12 36 18
86 13 35 18
86 14 38 17
86 15 37 17
86 16 36 17
86 17 35 17
86 18 37 16
86 19 35 15
86 20 35 16
86 21 36 16
86 26 36 15
86 27 37 15
86 28 35 14
86 29 36 14
86 30 37 14
86 31 38 14
86 32 38 15
86 33 39 14
86 34 40 14
86 35 41 14
86 36 39 15
86 37 40 15
86 41 41 15
86 42 38 16
86 43 39 16
86 44 40 16
86 45 41 16
86 46 39 17
86 47 40 17
86 48 41 17
86 49 38 18
86 50 39 18
86 51 40 18
86 52 41 19
86 53 41 18
86 58 40 19
86 59 39 19
86 60 41 20
86 61 40 20
86 62 39 20
86 63 38 20
87 0 45 19
87 1 44 20
87 2 43 20
87 3 42 20
87 4 44 19
87 5 43 19
87 10 42 19
87 11 44 18
87 12 43 18
87 13 42 18
87 14 45 17
87 15 44 17
87 16 43 17
87 17 42 17
87 18 44 16
87 19 42 15
87 20 42 16
87 21 43 16
87 26 43 15
87 27 44 15
87 28 42 14
87 29 43 14
87 30 44 14
87 31 45 14
87 32 45 15
87 33 46 14
87 34 47 14
87 35 48 14
87 36 46 15
87 37 47 15
87 41 48 15
87 42 45 16
87 43 46 16
87 44 47 16
87 45 48 16
87 46 46 17
87 47 47 17
87 48 48 17
87 49 45 18
87 50 46 18
87 51 47 18
87 52 48 19
87 53 48 18
87 58 47 19
87 59 46 19
87 60 48 20
87 61 47 20
87 62 46 20
87 63 45 20
88 0 52 19
88 1 51 20
88 2 50 20
88 3 49 20
88 4 51 19
88 5 50 19
88 10 49 19
88 11 51 18
88 12 50 18
88 13 49 18
88 14 52 17
88 15 51 17
88 16 50 17
88 17 49 17
88 18 51 16
88 19 49 15
88 20 49 16
88 21 50 16
88 26 50 15
88 27 51 15
88 28 49 14
88 29 50 14
88 30 51 14
88 31 52 14
88 32 52 15
88 33 53 14
88 34 54 14
88 35 55 14
88 36 53 15
88 37 54 15
88 41 55 15
88 42 52 16
88 43 53 16
88 44 54 16
88 45 55 16
88 46 53 17
88 47 54 17
88 48 55 17
88 49 52 18
88 50 53 18
88 51 54 18
88 52 55 19
88 53 55 18
88 58 54 19
88 59 53 19
88 60 55 20
88 61 54 20
88 62 53 20
88 63 52 20
89 0 59 19
89 1 58 20
89 2 57 20
89 3 56 20
89 4 58 19
89 5 57 19
89 10 56 19
89 11 58 18
89 12 57 18
89 13 56 18
89 14 59 17
89 15 58 17
89 16 57 17
89 17 56 17
89 18 58 16
89 19 56 15
89 20 56 16
89 21 57 16
89 26 57 15
89 27 58 15
89 28 56 14
89 29 57 14
89 30 58 14
89 31 59 14
89 32 59 15
89 33 60 14
89 34 61 14
89 35 62 14
89 36 60 15
89 37 61 15
89 41 62 15
89 42 59 16
89 43 60 16
89 44 61 16
89 45 62 16
89 46 60 17
89 47 61 17
89 48 62 17
89 49 59 18
89 50 60 18
89 51 61 18
89 52 62 19
89 53 62 18
89 58 61 19
89 59 60 19
89 60 62 20
89 61 61 20
89 62 60 20
89 63 59 20
90 0 66 19
90 1 65 20
90 2 64 20
90 3 63 20
90 4 65 19
90 5 64 19
90 10 63 19
90 11 65 18
90 12 64 18
90 13 63 18
90 14 66 17
90 15 65 17
90 16 64 17
90 17 63 17
90 18 65 16
90 19 63 15
90 20 63 16
90 21 64 16
90 26 64 15
90 27 65 15
90 28 63 14
90 29 64 14
90 30 65 14
90 31 66 14
90 32 66 15
90 33 67 14
90 34 68 14
90 35 69 14
90 36 67 15
90 37 68 15
90 41 69 15
90 42 66 16
90 43 67 16
90 44 68 16
90 45 69 16
90 46 67 17
90 47 68 17
90 48 69 17
90 49 66 18
90 50 67 18
90 51 68 18
90 52 69 19
90 53 69 18
90 58 68 19
90 59 67 19
90 60 69 20
90 61 68 20
90 62 67 20
90 63 66 20
91 0 3 12
91 1 2 13
91 2 1 13
91 3 0 13
91 4 2 12
91 5 1 12
91 10 0 12
91 11 2 11
91 12 1 11
91 13 0 11
91 14 3 10
91 15 2 10
91 16 1 10
91 17 0 10
91 18 2 9
91 19 0 8
91 20 0 9
91 21 1 9
91 26 1 8
91 27 2 8
91 28 0 7
91 29 1 7
91 30 2 7
91 31 3 7
91 32 3 8
91 33 4 7
91 34 5 7
91 35 6 7
91 36 4 8
91 37 5 8
91 41 6 8
91 42 3 9
91 43 4 9
91 44 5 9
91 45 6 9
91 46 4 10
91 47 5 10
91 48 6 10
91 49 3 11
91 50 4 11
91 51 5 11
91 52 6 12
91 53 6 11
91 58 5 12
91 59 4 12
91 60 6 13
91 61 5 13
91 62 4 13
91 63 3 13
92 0 10 12
92 1 9 13
92 2 8 13
92 3 7 13
92 4 9 12
92 5 8 12
92 10 7 12
92 11 9 11
92 12 8 11
92 13 7 11
92 14 10 10
92 15 9 10
92 16 8 10
92 17 7 10
92 18 9 9
92 19 7 8
92 20 7 9
92 21 8 9
92 26 8 8
92 27 9 8
92 28 7 7
92 29 8 7
92 30 9 7
92 31 10 7
92 32 10 8
92 33 11 7
92 34 12 7
92 35 13 7
92 36 11 8
92 37 12 8
92 41 13 8
92 42 10 9
92 43 11 9
92 44 12 9
92 45 13 9
92 46 11 10
92 47 12 10
92 48 13 10
92 49 10 11
92 50 11 11
92 51 12 11
92 52 13 12
92 53 13 11
92 58 12 12
92 59 11 12
92 60 13 13
92 61 12 13
92 62 11 13
92 63 10 13
93 0 17 12
93 1 16 13
93 2 15 13
93 3 14 13
93 4 16 12
93 5 15 12
93 10 14 12
93 11 16 11
93 12 15 11
93 13 14 11
93 14 17 10
93 15 16 10
93 16 15 10
93 17 14 10
93 18 16 9
93 19 14 8
93 20 14 9
93 21 15 9
93 26 15 8
93 27 16 8
93 28 14 7
93 29 15 7
93 30 16 7
93 31 17 7
93 32 17 8
93 33 18 7
93 34 19 7
93 35 20 7
93 36 18 8
93 37 19 8
93 41 20 8
93 42 17 9
93 43 18 9
93 44 19 9
93 45 20 9
93 46 18 10
93 47 19 10
93 48 20 10
93 49 17 11
93 50 18 11
93 51 19 11
93 52 20 12
93 53 20 11
93 58 19 12
93 59 18 12
93 60 20 13
93 61 19 13
93 62 18 13
93 63 17 13
94 0 24 12
94 1 23 13
94 2 22 13
94 3 21 13
94 4 23 12
94 5 22 12
94 10 21 12
94 11 23 11
94 12 22 11
94 13 21 11
94 14 24 10
94 15 23 10
94 16 22 10
94 17 21 10
94 18 23 9
94 19 21 8
94 20 21 9
94 21 22 9
94 26 22 8
94 27 23 8
94 28 21 7
94 29 22 7
94 30 23 7
94 31 24 7
94 32 24 8
94 33 25 7
94 34 26 7
94 35 27 7
94 36 25 8
94 37 26 8
94 41 27 8
94 42 24 9
94 43 25 9
94 44 26 9
94 45 27 9
94 46 25 10
94 47 26 10
94 48 27 10
94 49 24 11
94 50 25 11
94 51 26 11
94 52 27 12
94 53 27 11
94 58 26 12
94 59 25 12
94 60 27 13
94 61 26 13
94 62 25 13
94 63 24 13
95 0 31 12
95 1 30 13
95 2 29 13
95 3 28 13
95 4 30 12
95 5 29 12
95 10 28 12
95 11 30 11
95 12 29 11
95 13 28 11
95 14 31 10
95 15 30 10
95 16 29 10
95 17 28 10
95 18 30 9
95 19 28 8
95 20 28 9
95 21 29 9
95 26 29 8
95 27 30 8
95 28 28 7
95 29 29 7
95 30 30 7
95 31 31 7
95 32 31 8
95 33 32 7
95 34 33 7
95 35 34 7
95 36 32 8
95 37 33 8
95 41 34 8
95 42 31 9
95 43 32 9
95 44 33 9
95 45 34 9
95 46 32 10
95 47 33 10
95 48 34 10
95 49 31 11
95 50 32 11
95 51 33 11
95 52 34 12
95 53 34 11
95 58 33 12
95 59 32 12
95 60 34 13
95 61 33 13
95 62 32 13
95 63 31 13
96 0 38 12
96 1 37 13
96 2 36 13
96 3 35 13
96 4 37 12
96 5 36 12
96 10 35 12
96 11 37 11
96 12 36 11
96 13 35 11
96 14 38 10
96 15 37 10
96 16 36 10
96 17 35 10
96 18 37 9
96 19 35 8
96 20 35 9
96 21 36 9
96 26 36 8
96 27 37 8
96 28 35 7
96 29 36 7
96 30 37 7
96 31 38 7
96 32 38 8
96 33 39 7
96 34 40 7
96 35 41 7
96 36 39 8
96 37 40 8
96 41 41 8
96 42 38 9
96 43 39 9
96 44 40 9
96 45 41 9
96 46 39 10
96 47 40 10
96 48 41 10
96 49 38 11
96 50 39 11
96 51 40 11
96 52 41 12
96 53 41 11
96 58 40 12
96 59 39 12
96 60 41 13
96 61 40 13
96 62 39 13
96 63 38 13
97 0 45 12
97 1 44 13
97 2 43 13
97 3 42 13
97 4 44 12
97 5 43 12
97 10 42 12
97 11 44 11
97 12 43 11
97 13 42 11
97 14 45 10
97 15 44 10
97 16 43 10
97 17 42 10
97 18 44 9
97 19 42 8
97 20 42 9
97 21 43 9
97 26 43 8
97 27 44 8
97 28 42 7
97 29 43 7
97 30 44 7
97 31 45 7
97 32 45 8
97 33 46 7
97 34 47 7
97 35 48 7
97 36 46 8
97 37 47 8
97 41 48 8
97 42 45 9
97 43 46 9
97 44 47 9
97 45 48 9
97 46 46 10
97 47 47 10
97 48 48 10
97 49 45 11
97 50 46 11
97 51 47 11
97 52 48 12
97 53 48 11
97 58 47 12
97 59 46 12
97 60 48 13
97 61 47 13
97 62 46 13
97 63 45 13
98 0 52 12
98 1 51 13
98 2 50 13
98 3 49 13
98 4 51 12
98 5 50 12
98 10 49 12
98 11 51 11
98 12 50 11
98 13 49 11
98 14 52 10
98 15 51 10
98 16 50 10
98 17 49 10
98 18 51 9
98 19 49 8
98 20 49 9
98 21 50 9
98 26 50 8
98 27 51 8
98 28 49 7
98 29 50 7
98 30 51 7
98 31 52 7
98 32 52 8
98 33 53 7
98 34 54 7
98 35 55 7
98 36 53 8
98 37 54 8
98 41 55 8
98 42 52 9
98 43 53 9
98 44 54 9
98 45 55 9
98 46 53 10
98 47 54 10
98 48 55 10
98 49 52 11
98 50 53 11
98 51 54 11
98 52 55 12
98 53 55 11
98 58 54 12
98 59 53 12
98 60 55 13
98 61 54 13
98 62 53 13
98 63 52 13
99 0 59 12
99 1 58 13
99 2 57 13
99 3 56 13
99 4 58 12
99 5 57 12
99 10 56 12
99 11 58 11
99 12 57 11
99 13 56 11
99 14 59 10
99 15 58 10
99 16 57 10
99 17 56 10
99 18 58 9
99 19 56 8
99 20 56 9
99 21 57 9
99 26 57 8
99 27 58 8
99 28 56 7
99 29 57 7
99 30 58 7
99 31 59 7
99 32 59 8
99 33 60 7
99 34 61 7
99 35 62 7
99 36 60 8
99 37 61 8
99 41 62 8
99 42 59 9
99 43 60 9
99 44 61 9
99 45 62 9
99 46 60 10
99 47 61 10
99 48 62 10
99 49 59 11
99 50 60 11
99 51 61 11
99 52 62 12
99 53 62 11
99 58 61 12
99 59 60 12
99 60 62 13
99 61 61 13
99 62 60 13
99 63 59 13
100 0 66 12
100 1 65 13
100 2 64 13
100 3 63 13
100 4 65 12
100 5 64 12
100 10 63 12
100 11 65 11
100 12 64 11
100 13 63 11
100 14 66 10
100 15 65 10
100 16 64 10
100 17 63 10
100 18 65 9
100 19 63 8
100 20 63 9
100 21 64 9
100 26 64 8
100 27 65 8
100 28 63 7
100 29 64 7
100 30 65 7
100 31 66 7
100 32 66 8
100 33 67 7
100 34 68 7
100 35 69 7
100 36 67 8
100 37 68 8
100 41 69 8
100 42 66 9
100 43 67 9
100 44 68 9
100 45 69 9
100 46 67 10
100 47 68 10
100 48 69 10
100 49 66 11
100 50 67 11
100 51 68 11
100 52 69 12
100 53 69 11
100 58 68 12
100 59 67 12
100 60 69 13
100 61 68 13
100 62 67 13
100 63 66 13
101 0 3 5
101 1 2 6
101 2 1 6
101 3 0 6
101 4 2 5
101 5 1 5
101 10 0 5
101 11 2 4
101 12 1 4
101 13 0 4
101 14 3 3
101 15 2 3
101 16 1 3
101 17 0 3
101 18 2 2
101 19 0 1
101 20 0 2
101 21 1 2
101 26 1 1
101 27 2 1
101 28 0 0
101 29 1 0
101 30 2 0
101 31 3 0
101 32 3 1
101 33 4 0
101 34 5 0
101 35 6 0
101 36 4 1
101 37 5 1
101 41 6 1
101 42 3 2
101 43 4 2
101 44 5 2
101 45 6 2
101 46 4 3
101 47 5 3
101 48 6 3
101 49 3 4
101 50 4 4
101 51 5 4
101 52 6 5
101 53 6 4
101 58 5 5
101 59 4 5
101 60 6 6
101 61 5 6
101 62 4 6
101 63 3 6
102 0 10 5
102 1 9 6
102 2 8 6
102 3 7 6
102 4 9 5
102 5 8 5
102 10 7 5
102 11 9 4
102 12 8 4
102 13 7 4
102 14 10 3
102 15 9 3
102 16 8 3
102 17 7 3
102 18 9 2
102 19 7 1
102 20 7 2
102 21 8 2
102 26 8 1
102 27 9 1
102 28 7 0
102 29 8 0
102 30 9 0
102 31 10 0
102 32 10 1
102 33 11 0
102 34 12 0
102 35 13 0
102 36 11 1
102 37 12 1
102 41 13 1
102 42 10 2
102 43 11 2
102 44 12 2
102 45 13 2
102 46 11 3
102 47 12 3
102 48 13 3
102 49 10 4
102 50 11 4
102 51 12 4
102 52 13 5
102 53 13 4
102 58 12 5
102 59 11 5
102 60 13 6
102 61 12 6
102 62 11 6
102 63 10 6
103 0 17 5
103 1 16 6
103 2 15 6
103 3 14 6
103 4 16 5
103 5 15 5
103 10 14 5
103 11 16 4
103 12 15 4
103 13 14 4
103 14 17 3
103 15 16 3
103 16 15 3
103 17 14 3
103 18 16 2
103 19 14 1
103 20 14 2
103 21 15 2
103 26 15 1
103 27 16 1
103 28 14 0
103 29 15 0
103 30 16 0
103 31 17 0
103 32 17 1
103 33 18 0
103 34 19 0
103 35 20 0
103 36 18 1
103 37 19 1
103 41 20 1
103 42 17 2
103 43 18 2
103 44 19 2
103 45 20 2
103 46 18 3
103 47 19 3
103 48 20 3
103 49 17 4
103 50 18 4
103 51 19 4
103 52 20 5
103 53 20 4
103 58 19 5
103 59 18 5
103 60 20 6
103 61 19 6
103 62 18 6
103 63 17 6
104 0 24 5
104 1 23 6
104 2 22 6
104 3 21 6
104 4 23 5
104 5 22 5
104 10 21 5
104 11 23 4
104 12 22 4
104 13 21 4
104 14 24 3
104 15 23 3
104 16 22 3
104 17 21 3
104 18 23 2
104 19 21 1
104 20 21 2
104 21 22 2
104 26 22 1
104 27 23 1
104 28 21 0
104 29 22 0
104 30 23 0
104 31 24 0
104 32 24 1
104 33 25 0
104 34 26 0
104 35 27 0
104 36 25 1
104 37 26 1
104 41 27 1
104 42 24 2
104 43 25 2
104 44 26 2
104 45 27 2
104 46 25 3
104 47 26 3
104 48 27 3
104 49 24 4
104 50 25 4
104 51 26 4
104 52 27 5
104 53 27 4
104 58 26 5
104 59 25 5
104 60 27 6
104 61 26 6
104 62 25 6
104 63 24 6
105 0 31 5
105 1 30 6
105 2 29 6
105 3 28 6
105 4 30 5
105 5 29 5
105 10 28 5
105 11 30 4
105 12 29 4
105 13 28 4
105 14 31 3
105 15 30 3
105 16 29 3
105 17 28 3
105 18 30 2
105 19 28 1
105 20 28 2
105 21 29 2
105 26 29 1
105 27 30 1
105 28 28 0
105 29 29 0
105 30 30 0
105 31 31 0
105 32 31 1
105 33 32 0
105 34 33 0
105 35 34 0
105 36 32 1
105 37 33 1
105 41 34 1
105 42 31 2
105 43 32 2
105 44 33 2
105 45 34 2
105 46 32 3
105 47 33 3
105 48 34 3
105 49 31 4
105 50 32 4
105 51 33 4
105 52 34 5
105 53 34 4
105 58 33 5
105 59 32 5
105 60 34 6
105 61 33 6
105 62 32 6
105 63 31 6
106 0 38 5
106 1 37 6
106 2 36 6
106 3 35 6
106 4 37 5
106 5 36 5
106 10 35 5
106 11 37 4
106 12 36 4
106 13 35 4
106 14 38 3
106 15 37 3
106 16 36 3
106 17 35 3
106 18 37 2
106 19 35 1
106 20 35 2
106 21 36 2
106 26 36 1
106 27 37 1
106 28 35 0
106 29 36 0
106 30 37 0
106 31 38 0
106 32 38 1
106 33 39 0
106 34 40 0
106 35 41 0
106 36 39 1
106 37 40 1
106 41 41 1
106 42 38 2
106 43 39 2
106 44 40 2
106 45 41 2
106 46 39 3
106 47 40 3
106 48 41 3
106 49 38 4
106 50 39 4
106 51 40 4
106 52 41 5
106 53 41 4
106 58 40 5
106 59 39 5
106 60 41 6
106 61 40 6
106 62 39 6
106 63 38 6
107 0 45 5
107 1 44 6
107 2 43 6
107 3 42 6
107 4 44 5
107 5 43 5
107 10 42 5
107 11 44 4
107 12 43 4
107 13 42 4
107 14 45 3
107 15 44 3
107 16 43 3
107 17 42 3
107 18 44 2
107 19 42 1
107 20 42 2
107 21 43 2
107 26 43 1
107 27 44 1
107 28 42 0
107 29 43 0
107 30 44 0
107 31 45 0
107 32 45 1
107 33 46 0
107 34 47 0
107 35 48 0
107 36 46 1
107 37 47 1
107 41 48 1
107 42 45 2
107 43 46 2
107 44 47 2
107 45 48 2
107 46 46 3
107 47 47 3
107 48 48 3
107 49 45 4
107 50 46 4
107 51 47 4
107 52 48 5
107 53 48 4
107 58 47 5
107 59 46 5
107 60 48 6
107 61 47 6
107 62 46 6
107 63 45 6
108 0 52 5
108 1 51 6
108 2 50 6
108 3 49 6
108 4 51 5
108 5 50 5
108 10 49 5
108 11 51 4
108 12 50 4
108 13 49 4
108 14 52 3
108 15 51 3
108 16 50 3
108 17 49 3
108 18 51 2
108 19 49 1
108 20 49 2
108 21 50 2
108 26 50 1
108 27 51 1
108 28 49 0
108 29 50 0
108 30 51 0
108 31 52 0
108 32 52 1
108 33 53 0
108 34 54 0
108 35 55 0
108 36 53 1
108 37 54 1
108 41 55 1
108 42 52 2
108 43 53 2
108 44 54 2
108 45 55 2
108 46 53 3
108 47 54 3
108 48 55 3
108 49 52 4
108 50 53 4
108 51 54 4
108 52 55 5
108 53 55 4
108 58 54 5
108 59 53 5
108 60 55 6
108 61 54 6
108 62 53 6
108 63 52 6
109 0 59 5
109 1 58 6
109 2 57 6
109 3 56 6
109 4 58 5
109 5 57 5
109 10 56 5
109 11 58 4
109 12 57 4
109 13 56 4
109 14 59 3
109 15 58 3
109 16 57 3
109 17 56 3
109 18 58 2
109 19 56 1
109 20 56 2
109 21 57 2
109 26 57 1
109 27 58 1
109 28 56 0
109 29 57 0
109 30 58 0
109 31 59 0
109 32 59 1
109 33 60 0
109 34 61 0
109 35 62 0
109 36 60 1
109 37 61 1
109 41 62 1
109 42 59 2
109 43 60 2
109 44 61 2
109 45 62 2
109 46 60 3
109 47 61 3
109 48 62 3
109 49 59 4
109 50 60 4
109 51 61 4
109 52 62 5
109 53 62 4
109 58 61 5
109 59 60 5
109 60 62 6
109 61 61 6
109 62 60 6
109 63 59 6
110 0 66 5
110 1 65 6
110 2 64 6
110 3 63 6
110 4 65 5
110 5 64 5
110 10 63 5
110 11 65 4
110 12 64 4
110 13 63 4
110 14 66 3
110 15 65 3
110 16 64 3
110 17 63 3
110 18 65 2
110 19 63 1
110 20 63 2
110 21 64 2
110 26 64 1
110 27 65 1
110 28 63 0
110 29 64 0
110 30 65 0
110 31 66 0
110 32 66 1
110 33 67 0
110 34 68 0
110 35 69 0
110 36 67 1
110 37 68 1
110 41 69 1
110 42 66 2
110 43 67 2
110 44 68 2
110 45 69 2
110 46 67 3
110 47 68 3
110 48 69 3
110 49 66 4
110 50 67 4
110 51 68 4
110 52 69 5
110 53 69 4
110 58 68 5
110 59 67 5
110 60 69 6
110 61 68 6
110 62 67 6
110 63 66 6
1584
1 11 1 1
1 12 1 1
1 13 1 1
1 14 1 1
1 15 1 1
1 16 1 1
1 17 1 1
1 18 1 1
1 19 1 1
1 20 1 1
1 21 1 1
1 22 1 1
1 23 1 1
1 24 1 1
1 25 1 1
1 26 1 1
1 27 1 1
1 28 1 1
1 29 1 1
1 30 1 1
1 31 1 1
1 32 1 1
1 33 1 1
1 34 1 1
1 35 1 2
1 36 1 2
1 37 1 2
1 38 1 2
1 39 1 2
1 40 1 2
1 41 1 2
1 42 1 2
1 43 1 2
1 44 1 2
1 45 1 2
1 46 1 2
1 47 1 2
1 48 1 2
1 49 1 2
1 50 1 2
1 51 1 2
1 52 1 2
1 53 1 2
1 54 1 2
1 55 1 2
1 56 1 2
1 57 1 2
1 58 1 2
1 59 1 2
1 60 1 2
1 61 1 3
1 62 1 3
1 63 1 3
1 64 1 3
1 65 1 3
1 66 1 3
1 67 1 3
1 68 1 3
1 69 1 3
1 70 1 3
1 71 1 3
1 72 1 3
1 73 1 3
1 74 1 3
1 75 1 3
1 76 1 3
1 77 1 3
1 78 1 3
1 79 1 3
1 80 1 3
1 81 1 4
1 82 1 4
1 83 1 4
1 84 1 4
1 85 1 3
1 86 1 3
1 87 1 3
1 88 1 3
1 89 1 3
1 90 1 3
1 91 1 4
1 92 1 4
1 93 1 4
1 94 1 4
1 95 1 4
1 96 1 4
1 97 1 4
1 98 1 4
1 99 1 4
1 100 1 4
1 101 1 4
1 102 1 4
1 103 1 4
1 104 1 4
1 105 1 4
1 106 1 4
1 107 1 4
1 108 1 4
1 109 1 4
1 110 1 4
2 11 1 5
2 12 1 5
2 13 1 5
2 14 1 5
2 15 1 5
2 16 1 5
2 17 1 5
2 18 1 5
2 19 1 5
2 20 1 5
2 21 1 5
2 22 1 5
2 23 1 5
2 24 1 5
2 25 1 5
2 26 1 5
2 27 1 5
2 28 1 5
2 29 1 5
2 30 1 5
2 31 1 5
2 32 1 5
2 33 1 5
2 34 1 5
2 35 1 6
2 36 1 6
2 37 1 6
2 38 1 6
2 39 1 6
2 40 1 6
2 41 1 6
2 42 1 6
2 43 1 6
2 44 1 6
2 45 1 6
2 46 1 6
2 47 1 6
2 48 1 6
2 49 1 6
2 50 1 6
2 51 1 6
2 52 1 6
2 53 1 6
2 54 1 6
2 55 1 6
2 56 1 6
2 57 1 6
2 58 1 6
2 59 1 6
2 60 1 6
2 61 1 7
2 62 1 7
2 63 1 7
2 64 1 7
2 65 1 7
2 66 1 7
2 67 1 7
2 68 1 7
2 69 1 7
2 70 1 7
2 71 1 7
2 72 1 7
2 73 1 7
2 74 1 7
2 75 1 7
2 76 1 7
2 77 1 7
2 78 1 7
2 79 1 7
2 80 1 7
2 81 1 8
2 82 1 8
2 83 1 8
2 84 1 8
2 85 1 7
2 86 1 7
2 87 1 7
2 88 1 7
2 89 1 7
2 90 1 7
2 91 1 8
2 92 1 8
2 93 1 8
2 94 1 8
2 95 1 8
2 96 1 8
2 97 1 8
2 98 1 8
2 99 1 8
2 100 1 8
2 101 1 8
2 102 1 8
2 103 1 8
2 104 1 8
2 105 1 8
2 106 1 8
2 107 1 8
2 108 1 8
2 109 1 8
2 110 1 8
3 11 1 9
3 12 1 9
3 13 1 9
3 14 1 9
3 15 1 9
3 16 1 9
3 17 1 9
3 18 1 9
3 19 1 9
3 20 1 9
3 21 1 9
3 22 1 9
3 23 1 9
3 24 1 9
3 25 1 9
3 26 1 9
3 27 1 9
3 28 1 9
3 29 1 9
3 30 1 9
3 31 1 9
3 32 1 9
3 33 1 9
3 34 1 9
3 35 1 10
3 36 1 10
3 37 1 10
3 38 1 10
3 39 1 10
3 40 1 10
3 41 1 10
3 42 1 10
3 43 1 10
3 44 1 10
3 45 1 10
3 46 1 10
3 47 1 10
3 48 1 10
3 49 1 10
3 50 1 10
3 51 1 10
3 52 1 10
3 53 1 10
3 54 1 10
3 55 1 10
3 56 1 10
3 57 1 10
3 58 1 10
3 59 1 10
3 60 1 10
3 61 1 11
3 62 1 11
3 63 1 11
3 64 1 11
3 65 1 11
3 66 1 11
3 67 1 11
3 68 1 11
3 69 1 11
3 70 1 11
3 71 1 11
3 72 1 11
3 73 1 11
3 74 1 11
3 75 1 11
3 76 1 11
3 77 1 11
3 78 1 11
3 79 1 11
3 80 1 11
3 81 1 12
3 82 1 12
3 83 1 12
3 84 1 12
3 85 1 11
3 86 1 11
3 87 1 11
3 88 1 11
3 89 1 11
3 90 1 11
3 91 1 12
3 92 1 12
3 93 1 12
3 94 1 12
3 95 1 12
3 96 1 12
3 97 1 12
3 98 1 12
3 99 1 12
3 100 1 12
3 101 1 12
3 102 1 12
3 103 1 12
3 104 1 12
3 105 1 12
3 106 1 12
3 107 1 12
3 108 1 12
3 109 1 12
3 110 1 12
4 11 1 13
4 12 1 13
4 13 1 13
4 14 1 13
4 15 1 13
4 16 1 13
4 17 1 13
4 18 1 13
4 19 1 13
4 20 1 13
4 21 1 13
4 22 1 13
4 23 1 13
4 24 1 13
4 25 1 13
4 26 1 13
4 27 1 13
4 28 1 13
4 29 1 13
4 30 1 13
4 31 1 13
4 32 1 13
4 33 1 13
4 34 1 13
4 35 1 13
4 36 1 13
4 37 1 14
4 38 1 14
4 39 1 14
4 40 1 14
4 41 1 14
4 42 1 14
4 43 1 14
4 44 1 14
4 45 1 14
4 46 1 14
4 47 1 14
4 48 1 14
4 49 1 14
4 50 1 14
4 51 1 14
4 52 1 14
4 53 1 14
4 54 1 14
4 55 1 14
4 56 1 14
4 57 1 14
4 58 1 14
4 59 1 14
4 60 1 14
4 61 1 15
4 62 1 15
4 63 1 15
4 64 1 15
4 65 1 15
4 66 1 15
4 67 1 15
4 68 1 15
4 69 1 15
4 70 1 15
4 71 1 15
4 72 1 15
4 73 1 15
4 74 1 15
4 75 1 15
4 76 1 15
4 77 1 15
4 78 1 15
4 79 1 15
4 80 1 15
4 81 1 15
4 82 1 15
4 83 1 15
4 84 1 15
4 85 1 15
4 86 1 15
4 87 1 15
4 88 1 15
4 89 1 15
4 90 1 15
4 91 1 15
4 92 1 15
4 93 1 15
4 94 1 15
4 95 1 15
4 96 1 15
4 97 1 15
4 98 1 15
4 99 1 15
4 100 1 15
4 101 1 15
4 102 1 15
4 103 1 15
4 104 1 15
4 105 1 15
4 106 1 15
4 107 1 15
4 108 1 15
4 109 1 15
4 110 1 15
5 11 1 17
5 12 1 17
5 13 1 17
5 14 1 17
5 15 1 17
5 16 1 17
5 17 1 17
5 18 1 17
5 19 1 17
5 20 1 17
5 21 1 17
5 22 1 17
5 23 1 17
5 24 1 17
5 25 1 17
5 26 1 17
5 27 1 17
5 28 1 17
5 29 1 17
5 30 1 17
5 31 1 17
5 32 1 17
5 33 1 17
5 34 1 17
5 35 1 18
5 36 1 18
5 37 1 18
5 38 1 18
5 39 1 18
5 40 1 18
5 41 1 18
5 42 1 18
5 43 1 18
5 44 1 18
5 45 1 18
5 46 1 18
5 47 1 18
5 48 1 18
5 49 1 18
5 50 1 18
5 51 1 18
5 52 1 18
5 53 1 18
5 54 1 18
5 55 1 18
5 56 1 18
5 57 1 18
5 58 1 18
5 59 1 18
5 60 1 18
5 61 1 19
5 62 1 19
5 63 1 19
5 64 1 19
5 65 1 19
5 66 1 19
5 67 1 19
5 68 1 19
5 69 1 19
5 70 1 19
5 71 1 19
5 72 1 19
5 73 1 19
5 74 1 19
5 75 1 19
5 76 1 19
5 77 1 19
5 78 1 19
5 79 1 19
5 80 1 19
5 81 1 20
5 82 1 20
5 83 1 20
5 84 1 20
5 85 1 19
5 86 1 19
5 87 1 19
5 88 1 19
5 89 1 19
5 90 1 19
5 91 1 20
5 92 1 20
5 93 1 20
5 94 1 20
5 95 1 20
5 96 1 20
5 97 1 20
5 98 1 20
5 99 1 20
5 100 1 20
5 101 1 20
5 102 1 20
5 103 1 20
5 104 1 20
5 105 1 20
5 106 1 20
5 107 1 20
5 108 1 20
5 109 1 20
5 110 1 20
6 11 1 21
6 12 1 21
6 13 1 21
6 14 1 21
6 15 1 21
6 16 1 21
6 17 1 21
6 18 1 21
6 19 1 21
6 20 1 21
6 21 1 21
6 22 1 21
6 23 1 21
6 24 1 21
6 25 1 21
6 26 1 21
6 27 1 21
6 28 1 21
6 29 1 21
6 30 1 21
6 31 1 21
6 32 1 21
6 33 1 21
6 34 1 21
6 35 1 21
6 36 1 21
6 37 1 21
6 38 1 21
6 39 1 21
6 40 1 21
6 41 1 22
6 42 1 22
6 43 1 22
6 44 1 22
6 45 1 22
6 46 1 22
6 47 1 21
6 48 1 21
6 49 1 21
6 50 1 21
6 51 1 22
6 52 1 22
6 53 1 22
6 54 1 22
6 55 1 22
6 56 1 22
6 57 1 21
6 58 1 22
6 59 1 22
6 60 1 22
6 61 1 22
6 62 1 22
6 63 1 22
6 64 1 22
6 65 1 22
6 66 1 22
6 67 1 22
6 68 1 22
6 69 1 22
6 70 1 22
6 71 1 23
6 72 1 22
6 73 1 22
6 74 1 22
6 75 1 22
6 76 1 22
6 77 1 22
6 78 1 22
6 79 1 22
6 80 1 23
6 81 1 23
6 82 1 23
6 83 1 23
6 84 1 23
6 85 1 23
6 86 1 23
6 87 1 23
6 88 1 23
6 89 1 23
6 90 1 23
6 91 1 23
6 92 1 23
6 93 1 23
6 94 1 23
6 95 1 23
6 96 1 23
6 97 1 23
6 98 1 23
6 99 1 23
6 100 1 23
6 101 1 23
6 102 1 23
6 103 1 23
6 104 1 23
6 105 1 23
6 106 1 23
6 107 1 23
6 108 1 23
6 109 1 23
6 110 1 23
7 11 1 25
7 13 1 25
7 14 1 25
7 15 1 25
7 16 1 25
7 17 1 25
7 18 1 25
7 19 1 25
7 20 1 25
7 21 1 25
7 22 1 25
7 23 1 25
7 24 1 25
7 25 1 25
7 26 1 25
7 27 1 25
7 28 1 25
7 29 1 25
7 30 1 25
7 31 1 25
7 32 1 25
7 33 1 25
7 34 1 25
7 35 1 26
7 36 1 26
7 37 1 26
7 38 1 26
7 39 1 26
7 40 1 26
7 41 1 26
7 42 1 26
7 43 1 26
7 44 1 26
7 45 1 26
7 46 1 26
7 47 1 26
7 48 1 26
7 49 1 26
7 50 1 26
7 51 1 26
7 52 1 26
7 53 1 26
7 54 1 26
7 55 1 26
7 56 1 26
7 57 1 26
7 58 1 26
7 59 1 26
7 60 1 26
7 61 1 27
7 62 1 27
7 63 1 27
7 64 1 27
7 65 1 27
7 66 1 27
7 67 1 27
7 68 1 27
7 69 1 27
7 70 1 27
7 71 1 27
7 72 1 27
7 73 1 27
7 74 1 27
7 75 1 27
7 76 1 27
7 77 1 27
7 78 1 27
7 79 1 27
7 80 1 27
7 81 1 27
7 82 1 27
7 83 1 27
7 84 1 27
7 85 1 27
7 86 1 27
7 87 1 27
7 88 1 27
7 89 1 27
7 90 1 27
7 91 1 27
7 92 1 27
7 93 1 27
7 94 1 27
7 95 1 27
7 96 1 27
7 97 1 27
7 98 1 27
7 99 1 27
7 100 1 27
7 101 1 27
7 102 1 27
7 103 1 27
7 104 1 27
7 105 1 27
7 106 1 27
7 107 1 27
7 108 1 27
7 109 1 27
7 110 1 27
8 11 1 29
8 12 1 29
8 13 1 29
8 14 1 29
8 15 1 29
8 16 1 29
8 17 1 29
8 18 1 29
8 19 1 29
8 20 1 29
8 21 1 29
8 22 1 29
8 23 1 29
8 24 1 29
8 25 1 29
8 26 1 29
8 27 1 29
8 28 1 29
8 29 1 29
8 30 1 29
8 31 1 29
8 32 1 29
8 33 1 29
8 34 1 29
8 35 1 30
8 36 1 30
8 37 1 30
8 38 1 30
8 39 1 30
8 40 1 30
8 41 1 30
8 42 1 30
8 43 1 30
8 44 1 30
8 45 1 30
8 46 1 30
8 47 1 30
8 48 1 30
8 49 1 30
8 50 1 30
8 51 1 30
8 52 1 30
8 53 1 30
8 54 1 30
8 55 1 30
8 56 1 30
8 57 1 30
8 58 1 30
8 59 1 30
8 60 1 30
8 61 1 31
8 62 1 31
8 63 1 31
8 64 1 31
8 65 1 31
8 66 1 31
8 67 1 31
8 68 1 31
8 69 1 31
8 70 1 31
8 71 1 31
8 72 1 31
8 73 1 31
8 74 1 31
8 75 1 31
8 76 1 31
8 77 1 31
8 78 1 31
8 79 1 31
8 80 1 31
8 81 1 32
8 82 1 32
8 83 1 32
8 84 1 32
8 85 1 31
8 86 1 31
8 87 1 31
8 88 1 31
8 89 1 31
8 90 1 31
8 91 1 32
8 92 1 32
8 93 1 32
8 94 1 32
8 95 1 32
8 96 1 32
8 97 1 32
8 98 1 32
8 99 1 32
8 100 1 32
8 101 1 32
8 102 1 32
8 103 1 32
8 104 1 32
8 105 1 32
8 106 1 32
8 107 1 32
8 108 1 32
8 109 1 32
8 110 1 32
9 11 2 1
9 12 2 1
9 13 2 1
9 14 2 1
9 15 2 1
9 16 2 1
9 17 2 1
9 18 2 1
9 19 2 1
9 20 2 1
9 21 2 1
9 22 2 1
9 23 2 1
9 24 2 1
9 25 2 1
9 26 2 1
9 27 2 1
9 28 2 1
9 29 2 1
9 30 2 1
9 31 2 1
9 32 2 1
9 33 2 1
9 34 2 1
9 35 2 2
9 36 2 2
9 37 2 2
9 38 2 2
9 39 2 2
9 40 2 2
9 41 2 2
9 42 2 2
9 43 2 2
9 44 2 2
9 45 2 2
9 46 2 2
9 47 2 2
9 48 2 2
9 49 2 2
9 50 2 2
9 51 2 2
9 52 2 2
9 53 2 2
9 54 2 2
9 55 2 2
9 56 2 2
9 57 2 2
9 58 2 2
9 59 2 2
9 60 2 2
9 61 2 3
9 62 2 3
9 63 2 3
9 64 2 3
9 65 2 3
9 66 2 3
9 67 2 3
9 68 2 3
9 69 2 3
9 70 2 3
9 71 2 3
9 72 2 3
9 73 2 3
9 74 2 3
9 75 2 3
9 76 2 3
9 77 2 3
9 78 2 3
9 79 2 3
9 80 2 3
9 81 2 4
9 82 2 4
9 83 2 4
9 84 2 4
9 85 2 3
9 86 2 3
9 87 2 3
9 88 2 3
9 89 2 3
9 90 2 3
9 91 2 4
9 92 2 4
9 93 2 4
9 94 2 4
9 95 2 4
9 96 2 4
9 97 2 4
9 98 2 4
9 99 2 4
9 100 2 4
9 101 2 4
9 102 2 4
9 103 2 4
9 104 2 4
9 105 2 4
9 106 2 4
9 107 2 4
9 108 2 4
9 109 2 4
9 110 2 4
10 11 2 5
10 12 2 5
10 13 2 5
10 14 2 5
10 15 2 5
10 16 2 5
10 17 2 5
10 18 2 5
10 19 2 5
10 20 2 5
10 21 2 5
10 22 2 5
10 23 2 5
10 24 2 5
10 25 2 5
10 26 2 5
10 27 2 5
10 28 2 5
10 29 2 5
10 30 2 5
10 31 2 5
10 32 2 5
10 33 2 5
10 34 2 5
10 35 2 6
10 36 2 6
10 37 2 6
10 38 2 6
10 39 2 6
10 40 2 6
10 41 2 6
10 42 2 6
10 43 2 6
10 44 2 6
10 45 2 6
10 46 2 6
10 47 2 6
10 48 2 6
10 49 2 6
10 50 2 6
10 51 2 7
10 52 2 7
10 53 2 6
10 54 2 6
10 55 2 6
10 56 2 6
10 57 2 6
10 58 2 6
10 59 2 6
10 60 2 6
10 61 2 7
10 62 2 7
10 63 2 7
10 64 2 7
10 65 2 7
10 66 2 7
10 67 2 7
10 68 2 7
10 69 2 7
10 70 2 7
10 71 2 7
10 72 2 7
10 73 2 7
10 74 2 7
10 75 2 7
10 76 2 7
10 77 2 7
10 78 2 7
10 79 2 7
10 80 2 7
10 81 2 8
10 82 2 8
10 83 2 8
10 84 2 8
10 85 2 7
10 86 2 7
10 87 2 7
10 88 2 7
10 89 2 7
10 90 2 7
10 91 2 8
10 92 2 8
10 93 2 8
10 94 2 8
10 95 2 8
10 96 2 8
10 97 2 8
10 98 2 8
10 99 2 8
10 100 2 8
10 101 2 8
10 102 2 8
10 103 2 8
10 104 2 8
10 105 2 8
10 106 2 8
10 107 2 8
10 108 2 8
10 109 2 8
10 110 2 8
11 11 2 9
11 12 2 9
11 13 2 9
11 14 2 9
11 15 2 9
11 16 2 9
11 17 2 9
11 18 2 9
11 19 2 9
11 20 2 9
11 21 2 9
11 22 2 9
11 23 2 9
11 24 2 9
11 25 2 9
11 26 2 9
11 27 2 9
11 28 2 9
11 29 2 9
11 30 2 9
11 31 2 9
11 32 2 9
11 33 2 9
11 34 2 9
11 35 2 10
11 36 2 10
11 37 2 10
11 38 2 10
11 39 2 10
11 40 2 10
11 41 2 10
11 42 2 10
11 43 2 10
11 44 2 10
11 45 2 10
11 46 2 10
11 47 2 10
11 48 2 10
11 49 2 10
11 50 2 10
11 51 2 10
11 52 2 10
11 53 2 10
11 54 2 10
11 55 2 10
11 56 2 10
11 57 2 10
11 58 2 10
11 59 2 10
11 60 2 10
11 61 2 11
11 62 2 11
11 63 2 11
11 64 2 11
11 65 2 11
11 66 2 11
11 67 2 11
11 68 2 11
11 69 2 11
11 70 2 11
11 71 2 11
11 72 2 12
11 73 2 11
11 74 2 11
11 75 2 11
11 76 2 11
11 77 2 11
11 78 2 11
11 79 2 11
11 80 2 11
11 81 2 12
11 82 2 12
11 83 2 11
11 84 2 11
11 85 2 11
11 86 2 11
11 87 2 11
11 88 2 11
11 89 2 11
11 90 2 11
11 91 2 12
11 92 2 12
11 93 2 12
11 94 2 12
11 95 2 12
11 96 2 12
11 97 2 12
11 98 2 12
11 99 2 12
11 100 2 12
11 101 2 12
11 102 2 12
11 103 2 12
11 104 2 12
11 105 2 12
11 106 2 12
11 107 2 12
11 108 2 12
11 109 2 12
11 110 2 12
12 11 2 13
12 12 2 13
12 13 2 13
12 14 2 13
12 15 2 13
12 16 2 13
12 17 2 13
12 18 2 13
12 19 2 13
12 20 2 13
12 21 2 13
12 22 2 13
12 23 2 13
12 24 2 13
12 25 2 13
12 26 2 13
12 27 2 13
12 28 2 13
12 29 2 13
12 30 2 13
12 31 2 13
12 32 2 13
12 33 2 13
12 34 2 13
12 35 2 14
12 36 2 14
12 37 2 14
12 38 2 14
12 39 2 14
12 40 2 14
12 41 2 14
12 42 2 14
12 43 2 14
12 44 2 14
12 45 2 14
12 46 2 14
12 47 2 14
12 48 2 14
12 49 2 14
12 50 2 14
12 51 2 14
12 52 2 14
12 53 2 14
12 54 2 14
12 55 2 14
12 56 2 14
12 57 2 14
12 58 2 14
12 59 2 14
12 60 2 14
12 61 2 15
12 62 2 15
12 63 2 15
12 64 2 15
12 65 2 15
12 66 2 15
12 67 2 15
12 68 2 15
12 69 2 15
12 70 2 15
12 71 2 15
12 72 2 15
12 73 2 15
12 74 2 15
12 75 2 15
12 76 2 15
12 77 2 15
12 78 2 15
12 79 2 15
12 80 2 15
12 81 2 16
12 82 2 16
12 83 2 16
12 84 2 16
12 85 2 15
12 86 2 15
12 87 2 15
12 88 2 15
12 89 2 15
12 90 2 15
12 91 2 16
12 92 2 16
12 93 2 16
12 94 2 16
12 95 2 16
12 96 2 16
12 97 2 16
12 98 2 16
12 99 2 16
12 100 2 16
12 101 2 16
12 102 2 16
12 103 2 16
12 104 2 16
12 105 2 16
12 106 2 16
12 107 2 16
12 108 2 16
12 109 2 16
12 110 2 16
13 11 2 17
13 12 2 17
13 13 2 17
13 14 2 17
13 15 2 17
13 16 2 17
13 17 2 17
13 18 2 17
13 19 2 17
13 20 2 17
13 21 2 17
13 22 2 17
13 23 2 17
13 24 2 17
13 25 2 17
13 26 2 17
13 27 2 17
13 28 2 17
13 29 2 17
13 30 2 17
13 31 2 17
13 32 2 17
13 33 2 17
13 34 2 17
13 35 2 18
13 36 2 18
13 37 2 18
13 38 2 18
13 39 2 18
13 40 2 18
13 41 2 18
13 42 2 18
13 43 2 18
13 44 2 18
13 45 2 18
13 46 2 18
13 47 2 18
13 48 2 18
13 49 2 18
13 50 2 18
13 51 2 18
13 52 2 18
13 53 2 18
13 54 2 18
13 55 2 18
13 56 2 18
13 57 2 18
13 58 2 18
13 59 2 18
13 60 2 18
13 61 2 19
13 62 2 19
13 63 2 19
13 64 2 19
13 65 2 19
13 66 2 19
13 67 2 19
13 68 2 19
13 69 2 19
13 70 2 19
13 71 2 19
13 72 2 19
13 73 2 19
13 74 2 19
13 75 2 19
13 76 2 19
13 77 2 19
13 78 2 19
13 79 2 19
13 80 2 19
13 81 2 20
13 82 2 20
13 83 2 20
13 84 2 20
13 85 2 19
13 86 2 19
13 87 2 19
13 88 2 19
13 89 2 19
13 90 2 19
13 91 2 20
13 92 2 20
13 93 2 20
13 94 2 20
13 95 2 20
13 96 2 20
13 97 2 20
13 98 2 20
13 99 2 20
13 100 2 20
13 101 2 20
13 102 2 20
13 103 2 20
13 104 2 20
13 105 2 20
13 106 2 20
13 107 2 20
13 108 2 20
13 109 2 20
13 110 2 20
14 11 2 21
14 12 2 21
14 13 2 21
14 14 2 21
14 15 2 21
14 16 2 21
14 17 2 21
14 18 2 21
14 19 2 21
14 20 2 21
14 21 2 21
14 22 2 21
14 23 2 21
14 24 2 21
14 25 2 21
14 26 2 21
14 27 2 21
14 28 2 21
14 29 2 21
14 30 2 21
14 31 2 21
14 32 2 21
14 33 2 21
14 34 2 21
14 35 2 22
14 36 2 22
14 37 2 22
14 38 2 22
14 39 2 22
14 40 2 22
14 41 2 22
14 42 2 22
14 43 2 22
14 44 2 22
14 45 2 22
14 46 2 22
14 47 2 22
14 48 2 22
14 49 2 22
14 50 2 22
14 51 2 22
14 52 2 22
14 53 2 22
14 54 2 22
14 55 2 22
14 56 2 22
14 57 2 22
14 58 2 22
14 59 2 22
14 60 2 22
14 61 2 23
14 62 2 23
14 63 2 23
14 64 2 23
14 65 2 23
14 66 2 23
14 67 2 23
14 68 2 23
14 69 2 23
14 70 2 23
14 71 2 23
14 72 2 23
14 73 2 23
14 74 2 23
14 75 2 23
14 76 2 23
14 77 2 23
14 78 2 23
14 79 2 23
14 80 2 23
14 81 2 24
14 82 2 24
14 83 2 24
14 84 2 24
14 85 2 23
14 86 2 23
14 87 2 23
14 88 2 23
14 89 2 23
14 90 2 23
14 91 2 24
14 92 2 24
14 93 2 24
14 94 2 24
14 95 2 24
14 96 2 24
14 97 2 24
14 98 2 24
14 99 2 24
14 100 2 24
14 101 2 24
14 102 2 24
14 103 2 24
14 104 2 24
14 105 2 24
14 106 2 24
14 107 2 24
14 108 2 24
14 109 2 24
14 110 2 24
15 11 2 25
15 12 2 25
15 13 2 25
15 14 2 25
15 15 2 25
15 16 2 25
15 17 2 25
15 18 2 25
15 19 2 25
15 20 2 25
15 21 2 25
15 22 2 25
15 23 2 25
15 24 2 25
15 25 2 25
15 26 2 25
15 27 2 25
15 28 2 25
15 29 2 25
15 30 2 25
15 31 2 25
15 32 2 25
15 33 2 25
15 34 2 25
15 35 2 25
15 36 2 25
15 37 2 25
15 38 2 25
15 39 2 25
15 40 2 25
15 41 2 26
15 42 2 25
15 43 2 25
15 44 2 25
15 45 2 25
15 46 2 25
15 47 2 25
15 48 2 25
15 49 2 25
15 50 2 25
15 51 2 26
15 52 2 25
15 53 2 25
15 54 2 25
15 55 2 25
15 56 2 25
15 57 2 25
15 58 2 25
15 59 2 25
15 60 2 25
15 61 2 26
15 62 2 26
15 63 2 26
15 64 2 26
15 65 2 26
15 66 2 26
15 67 2 26
15 68 2 26
15 69 2 25
15 70 2 25
15 72 2 26
15 73 2 26
15 74 2 26
15 75 2 26
15 76 2 26
15 77 2 26
15 78 2 26
15 79 2 25
15 80 2 25
15 81 2 26
15 82 2 26
15 83 2 26
15 84 2 26
15 85 2 26
15 86 2 26
15 87 2 26
15 88 2 26
15 91 2 26
15 92 2 26
15 93 2 26
15 94 2 26
15 95 2 26
15 96 2 26
15 97 2 26
15 98 2 26
16 11 2 29
16 12 2 29
16 13 2 29
16 14 2 29
16 15 2 29
16 16 2 29
16 17 2 29
16 18 2 29
16 19 2 29
16 20 2 29
16 21 2 29
16 22 2 29
16 23 2 29
16 24 2 29
16 25 2 29
16 26 2 29
16 27 2 29
16 28 2 29
16 29 2 29
16 30 2 29
16 31 2 29
16 32 2 29
16 33 2 29
16 34 2 29
16 35 2 29
16 36 2 29
16 37 2 29
16 38 2 29
16 39 2 29
16 40 2 29
16 41 2 29
16 42 2 29
16 43 2 29
16 44 2 29
16 45 2 29
16 46 2 29
16 47 2 29
16 48 2 29
16 49 2 29
16 50 2 29
16 51 2 29
16 52 2 29
16 53 2 29
16 54 2 29
16 55 2 29
16 56 2 29
16 57 2 29
16 58 2 29
16 59 2 29
16 60 2 29
16 61 2 31
16 62 2 31
16 63 2 31
16 64 2 31
16 65 2 31
16 66 2 31
16 67 2 31
16 68 2 31
16 69 2 31
16 70 2 31
16 71 2 31
16 72 2 31
16 73 2 31
16 74 2 31
16 75 2 31
16 76 2 31
16 77 2 31
16 78 2 31
16 79 2 31
16 80 2 31
16 81 2 32
16 82 2 32
16 83 2 32
16 84 2 32
16 85 2 31
16 86 2 31
16 87 2 31
16 88 2 31
16 89 2 31
16 90 2 31
16 91 2 32
16 92 2 32
16 93 2 32
16 94 2 32
16 95 2 32
16 96 2 32
16 97 2 32
16 98 2 32
16 99 2 32
16 100 2 32
16 101 2 32
16 102 2 32
16 103 2 32
16 104 2 32
16 105 2 32
16 106 2 32
16 107 2 32
16 108 2 32
16 109 2 32
16 110 2 32
16
1 1 1
2 1 1
3 1 1
4 1 1
5 1 1
6 1 1
7 1 1
8 1 1
9 1 2
10 1 2
11 1 2
12 1 2
13 1 2
14 1 2
15 1 2
16 1 2
16
1 1 -1 1
2 1 1 -1
3 1 -1 1
4 1 1 -1
5 1 -1 1
6 1 1 -1
7 1 -1 1
8 1 1 -1
9 -1 -1 -1
10 -1 1 1
11 -1 -1 -1
12 -1 1 1
13 -1 -1 -1
14 -1 1 1
15 -1 -1 -1
16 -1 1 1
16
1 -304.31 465.2 -155.2
2 -304.31 465.2 155.2
3 -304.31 155.2 -155.2
4 -304.31 155.2 155.2
5 -304.31 -155.2 -155.2
6 -304.31 -155.2 155.2
7 -304.31 -465.2 -155.2
8 -304.31 -465.2 155.2
9 304.31 465.2 155.2
10 304.31 465.2 -155.2
11 304.31 155.2 155.2
12 304.31 155.2 -155.2
13 304.31 -155.2 155.2
14 304.31 -155.2 -155.2
15 304.31 -465.2 155.2
16 304.31 -465.2 -155.2
2
1 0 0 0
2 0 0 0
